record_id,flood_risk_score
F104559,0.46256839798917837
F100765,0.4730867134125341
F107573,0.4933994534923131
F110345,0.55570264812558
F118850,0.46206207929136756
F118228,0.49785223537344125
F107230,0.4879547451557396
F118529,0.39894855359215875
F100418,0.4877428454984328
F104883,0.48637750346457076
F111040,0.4993915314294854
F108454,0.473948680970983
F110834,0.5112582875428274
F100969,0.4439748000514437
F109368,0.5085368370519481
F102545,0.355337967787637
F122488,0.44680657259471934
F103894,0.5121785594480572
F105408,0.4526974806889769
F112579,0.5289823390626852
F103663,0.48155290775197024
F120363,0.43473063583384697
F124722,0.4718218334177768
F116480,0.5043093579227815
F114951,0.4859248890544334
F100738,0.4607336605400052
F110536,0.4994571002730886
F122026,0.4995506204610922
F105117,0.4938911195564589
F108958,0.555101047609868
F116660,0.37579268573237734
F114422,0.42849728792126146
F120962,0.47784305802151217
F111174,0.4761139405320583
F113429,0.5656407680732368
F124188,0.48353156424558724
F117761,0.4411316202658148
F118236,0.4706771089975274
F107714,0.41522730225978854
F118833,0.5144134722328336
F100761,0.4243293070347462
F120268,0.5247152462853918
F109138,0.4798516010700971
F124412,0.47615692038736784
F120691,0.48725254805139895
F124661,0.5225285833895933
F108890,0.49471239110127674
F121417,0.4559152964272365
F118138,0.47237749898199155
F121512,0.4866168659782227
F108954,0.5132250255587572
F113146,0.47330917591991123
F105087,0.5314972009554535
F121469,0.5085350201656332
F102542,0.45831853477893114
F100209,0.5822163246505595
F124632,0.4027403731385217
F107038,0.471798793870222
F100938,0.5092785301198631
F107925,0.48913939989346245
F105361,0.5085690790371666
F105697,0.5025940516944473
F115744,0.4663973850063649
F107426,0.4585506660003627
F124172,0.4712707571236745
F104946,0.49872882891021386
F102095,0.5052829381452001
F123356,0.4112946568767793
F102650,0.4739347256216471
F106539,0.464438052345163
F112891,0.44902080388102344
F108289,0.4801291127881336
F115077,0.43820182765653826
F122323,0.44210472527009365
F107204,0.5063042138472856
F113309,0.4803511903221257
F105741,0.5260081481670686
F113925,0.5357204660288759
F103318,0.48551117025677487
F105950,0.45617966643674207
F119672,0.45988163109514407
F109242,0.5367243410621028
F122020,0.439210204641978
F111466,0.4440082327967539
F119578,0.5468502722086775
F104122,0.525615907289648
F117075,0.536085100719494
F119337,0.48734842292790853
F104315,0.48818306985823284
F115990,0.48806194117416674
F121530,0.4580998729330383
F107744,0.47457379552633466
F121368,0.490378613865656
F104624,0.44051051792765766
F104063,0.49937496058010616
F104344,0.5226451096667509
F118253,0.5195022586899205
F103315,0.42502228069787834
F119431,0.5096926110410793
F112167,0.4770702926537937
F116395,0.4984602562257894
F107209,0.35867975103355976
F106831,0.48909830429948004
F110362,0.5212899488966173
F123715,0.49983661901384585
F114686,0.44988281079256354
F100236,0.416399637837596
F105475,0.48822838724289813
F119724,0.48274063158962427
F121653,0.47532059602560023
F110182,0.4401649511756185
F124466,0.4828183451468004
F109994,0.5288612523306392
F101098,0.41611133063896744
F110819,0.4468295835144295
F124937,0.4051868728230433
F105167,0.5228983328266862
F109738,0.5328830432381796
F117504,0.505743704582213
F123201,0.5370021004730203
F104276,0.5236303460426259
F106674,0.4794923863204152
F102033,0.524744574572741
F114776,0.4293658378128051
F106675,0.5089093696780025
F107195,0.5048961012725526
F115966,0.4584265694541734
F110078,0.49251725774595845
F101644,0.5401936550128426
F100635,0.45600610874936365
F106895,0.4843439845485506
F115420,0.5071769965672541
F122657,0.5061591890834305
F121159,0.42000070835899345
F106498,0.5133810007523576
F123880,0.4289939370851347
F121738,0.5033432758442778
F103530,0.5310919047825788
F118037,0.43443939843723234
F121887,0.5305367909443176
F117474,0.4721306131893231
F108838,0.507385412468639
F110850,0.4432439039800348
F108920,0.4465416364759234
F116417,0.47996198826709463
F123163,0.46043477519255394
F114455,0.4332182859517629
F101247,0.508362469926656
F104992,0.47144281004877675
F118511,0.4062922925953738
F114644,0.47065264963912545
F102251,0.4819697253511494
F109818,0.43322142368065275
F111847,0.4711164495470563
F104955,0.46633822768094796
F119652,0.536365226084291
F122133,0.4379584096416378
F104993,0.45893012908124675
F113510,0.4711976099232216
F123557,0.496986856288537
F113962,0.4009460872535402
F105947,0.4713142964662776
F106911,0.5010432418470603
F100652,0.4531594465948325
F109685,0.45049950962589347
F116475,0.5045178531939297
F104565,0.49303703565574775
F124062,0.46122758046432316
F115932,0.4098206313902351
F109613,0.5090450031818579
F102386,0.5451854846460649
F113483,0.4245461216871192
F117088,0.5123678043782012
F101277,0.4718575460603226
F124674,0.4530558828352647
F118679,0.4991882704770508
F100697,0.4692478498338755
F107785,0.4511447071378779
F109642,0.451721858744905
F119574,0.4353405558314243
F114841,0.5331937624425063
F112762,0.5626230983650007
F123792,0.3590571849418842
F107168,0.5191857341573122
F120641,0.537544359357823
F108273,0.44731883024581354
F124407,0.5114775185517649
F114604,0.5069673786484542
F102970,0.49447276895527464
F122148,0.43446072163286314
F108010,0.4921730843924733
F117610,0.490188395307216
F100140,0.5010495737365692
F113938,0.4027751457761704
F121084,0.4724622943112051
F101060,0.5022050837370325
F108562,0.496470496200304
F110164,0.4404134970338814
F110472,0.4988757995754051
F114543,0.4380195901274731
F122852,0.48796517522858485
F123987,0.5499806210085951
F106836,0.46918107692121974
F101754,0.3576566182601186
F113931,0.48933585520090134
F124553,0.4492634997415789
F102295,0.49647448539061567
F112168,0.40638738455974543
F119601,0.44237108979059137
F114744,0.516391054328437
F102112,0.42673453760282193
F113311,0.5012347205077158
F101833,0.4114979076518656
F103038,0.4187160743246274
F120560,0.4006503770445173
F112035,0.3928511655831869
F111041,0.4329444771545935
F106820,0.4319964757640559
F122282,0.5677904042136956
F122812,0.43195271844967414
F121959,0.47212681676207363
F111241,0.460938445985978
F115679,0.513535484119238
F100487,0.47529763951434034
F110726,0.47653228538300657
F117027,0.4360932474025719
F111810,0.4573345337674996
F112058,0.49634868005710303
F112471,0.4771912110608285
F103296,0.5036536841770949
F115646,0.48171854587736634
F103349,0.4627166733994452
F122192,0.4957412280672713
F107979,0.4373600700787053
F124864,0.4540759228536089
F122862,0.41997022032896575
F118545,0.4839867017773891
F123305,0.4905468284219498
F110767,0.4837491545971389
F103752,0.43250734983954503
F121115,0.44633676214769963
F109639,0.5149704906910638
F101751,0.4652642613824513
F114586,0.4885257477643807
F112250,0.46282186207286574
F108536,0.488946946300105
F116656,0.4759280981194621
F121706,0.41922457588933754
F118536,0.5142549352719842
F105191,0.5155239999133424
F104561,0.48701596085353155
F101998,0.5228687984039649
F115774,0.41186773211254707
F115983,0.5145076351092948
F123259,0.45550335043847895
F100753,0.5073949167672507
F123982,0.44243118169047874
F116710,0.5538596893574103
F102019,0.5313020044010458
F123612,0.4750541964804352
F115548,0.43468473753678777
F114793,0.5159324281539627
F101753,0.5644469502898317
F104066,0.5688351437735713
F107166,0.46984651937619554
F104321,0.37546907090126586
F105839,0.5479586358775606
F118851,0.5252500541385403
F109929,0.4183485550186953
F118079,0.5106067014076274
F106387,0.4530450269624158
F117429,0.43253569387478125
F112211,0.4306755194788917
F101550,0.49298611976381207
F121466,0.4848288837773439
F107148,0.5626052036160911
F118450,0.37675253855503005
F111865,0.5328919014234239
F110969,0.4536972687419026
F109782,0.47084928838246815
F111408,0.4142407542809879
F108063,0.5075792570674816
F120971,0.4890933088613678
F123231,0.4835075509493763
F122302,0.5334704207170821
F121337,0.4621265050550549
F119311,0.4054870308250355
F124628,0.4911694335772981
F113156,0.4827304847340313
F122818,0.45093668592538566
F116061,0.47131871798615294
F114676,0.458377487775459
F105188,0.525588194442108
F109111,0.46566996315050874
F108985,0.43621721878266223
F118123,0.4735498769413779
F116826,0.4944953591899525
F111800,0.5328694620153375
F110853,0.4464954820099249
F110615,0.5109490821773054
F107116,0.467927147390779
F121710,0.4258192626350963
F100340,0.4998446070384462
F101311,0.45355081323505736
F106219,0.461414537415625
F114711,0.5091818859760704
F102516,0.5619745797960067
F124145,0.4520185326369514
F110628,0.5012747428740413
F104011,0.5482591583047997
F105525,0.4961821918148572
F120431,0.42073625029776746
F109437,0.5294243144607377
F120177,0.4545749584454809
F112433,0.5143385688040328
F100873,0.5121307097375801
F123892,0.43377126236283464
F100488,0.46731889296340223
F123556,0.48011660889262314
F107354,0.5252220569028715
F123503,0.5238613752697915
F119966,0.43164245413750296
F117678,0.48407069379172946
F121895,0.5669547552749903
F122053,0.457561944264022
F112917,0.45767849393530025
F106363,0.5313634087236581
F102370,0.37823927374446764
F117001,0.4574995373067974
F101693,0.4544847872257094
F105339,0.4760586558493539
F107942,0.3786444907835523
F101824,0.3715479275462148
F106272,0.4692675890521687
F124074,0.4617168840318396
F106358,0.4123835913580698
F119832,0.42825140836767106
F110240,0.4453692376726273
F119296,0.5246723870622031
F109476,0.43097746947259036
F107789,0.5573660668760851
F100736,0.4746718175256163
F116588,0.45384570483989556
F122290,0.506487399455923
F101154,0.5014651135396492
F102389,0.4981498829030875
F117811,0.43483549470946486
F111868,0.5683970389968029
F101781,0.5453666438579707
F116332,0.4639239513269982
F111610,0.5096971415414678
F122095,0.505753665852352
F109282,0.5341375370801249
F105010,0.506725748547913
F119399,0.49822064126483595
F101522,0.47855883533492716
F119679,0.43606809833664567
F122804,0.5438862204579041
F108115,0.45239936485648363
F119513,0.5732705502997871
F115012,0.48526819677337923
F106658,0.512930832794427
F119250,0.4253043315552156
F118688,0.5337158593005197
F117432,0.4482547572981597
F114870,0.44644345350161974
F103602,0.4300439103890014
F101598,0.4699212569594576
F109441,0.47010942395041405
F124954,0.47783531415329433
F115780,0.3846928187512028
F122592,0.4925093501825977
F109049,0.4147103688782496
F114002,0.5075664231401873
F114251,0.43358155300621853
F117006,0.48212691991506434
F115034,0.5038403246416888
F104720,0.4398686395096517
F109984,0.5185581040672502
F119430,0.51136944754002
F105198,0.507726505969544
F103837,0.45007578002982335
F114551,0.44901759809421976
F103104,0.40591263521263726
F120376,0.4442519245440404
F104851,0.5111473814121559
F120183,0.504631325100985
F124885,0.5213112798967002
F102201,0.42524450433751865
F119491,0.504526696395268
F104606,0.46887705331690643
F116372,0.4748748726366599
F119040,0.5356531758106
F101915,0.5075613785540766
F109175,0.458824595515729
F115685,0.470343097220413
F111428,0.43136869546789125
F103111,0.48763228052523494
F110873,0.4105786959002114
F107633,0.4815059639056494
F107787,0.47589949495256334
F117530,0.5155288505762844
F111396,0.5436662541326995
F100767,0.5587921809871708
F123768,0.4742976327480837
F119595,0.5162404130062196
F120457,0.5070987587331823
F100411,0.4296218097109786
F124692,0.5042452435427428
F121841,0.45404178727164146
F120055,0.4102110721580597
F109741,0.48109296778882266
F116870,0.4782187310654637
F105897,0.49702566997452724
F111705,0.5073379006871617
F111019,0.5012280009679232
F112687,0.43988905712651566
F120794,0.44859187767274067
F108983,0.4974188431378278
F104288,0.38814505810611993
F104780,0.5113717791922309
F111451,0.5425958524737489
F101955,0.5389454912885713
F108150,0.49733812209449324
F116150,0.46062454465796426
F100183,0.5293210320205605
F117639,0.5107835720069278
F121714,0.49077304700642055
F120937,0.5025671664298511
F113890,0.41223617651384226
F108932,0.4981509048536071
F122822,0.49890728753966884
F109135,0.48584308630883555
F100552,0.498168512597559
F101261,0.5346648274112867
F100114,0.5001860116493393
F117108,0.45573281331644333
F123679,0.45248805618324867
F111243,0.48437476110582844
F113133,0.5510854192315175
F104645,0.4523298454767354
F105874,0.5281559854158286
F119181,0.4428846841893946
F101394,0.4410733450330695
F124488,0.44177291525383583
F116999,0.562730225306942
F116068,0.5207573292350113
F118719,0.4373289975851733
F120589,0.5605111637293415
F116146,0.48823434510169894
F119080,0.49992067283071434
F122698,0.5059830886505577
F121018,0.4599893352215306
F123107,0.5458454149263368
F122501,0.4426384445579573
F102275,0.519650793913858
F108923,0.42078878378006096
F108770,0.5557229132287523
F118911,0.5030081607923736
F118847,0.4470436848713273
F107313,0.5185852789300708
F100472,0.4667819611315977
F101105,0.4963764546001906
F119002,0.4778647291827322
F122076,0.539484499937254
F107518,0.5164278495722833
F101013,0.4725628531161888
F114054,0.4064135407802047
F111988,0.549660797155449
F105303,0.5294145473929861
F118549,0.4667500884037654
F115072,0.4685946303679783
F103483,0.4889996381794157
F108248,0.3761673161240459
F107192,0.4820095510221739
F104489,0.471196767575329
F115885,0.4460324344701307
F123246,0.5396529610674591
F124020,0.4649797072725822
F106433,0.39158339805071185
F108155,0.46367458677160406
F104023,0.4993351824411999
F105426,0.4155522533527037
F106140,0.5339099273631974
F120579,0.5193139597419577
F109403,0.5111471598552938
F103161,0.48396443494283037
F120903,0.4580932434176494
F114267,0.41734329938595766
F114603,0.4671073580319604
F101173,0.5133539065906839
F118312,0.43532054183770347
F112957,0.5090699400743618
F108174,0.48046477904613494
F107679,0.5016704813335581
F106552,0.48059041421144316
F123409,0.5108888992269114
F124647,0.49837002202033537
F116742,0.4169856234428368
F117931,0.5074339343602147
F116665,0.44720779494518986
F115205,0.5141680990155171
F100312,0.4353525963999495
F116986,0.49169836404662615
F111842,0.4481914531759552
F124289,0.4931802444175854
F123926,0.5638843811555019
F121069,0.39582716413134605
F122330,0.44189468466427195
F102060,0.49626906836346535
F120022,0.4879310809801301
F120754,0.48388703517215004
F100793,0.39027633369373155
F103998,0.45633408209564186
F118846,0.4970449824908541
F110851,0.4579141860169201
F121612,0.47100717751447696
F118155,0.49616105111090486
F108002,0.46589200992790086
F122670,0.5035255668321383
F124458,0.44666661714081984
F103392,0.5017119506947028
F114535,0.4797018553791487
F116547,0.5069053967497508
F102145,0.3467292460891103
F105687,0.455864578275508
F109473,0.5294268397780492
F121006,0.47110596150817247
F112627,0.570427303307205
F113522,0.39421374022120514
F118369,0.5082828038799225
F106945,0.5348515723422816
F102604,0.4751905398222076
F100080,0.45805519468218914
F111323,0.38791648590535244
F117613,0.4549839373847185
F110569,0.49838607790412026
F104756,0.3707745210424233
F118393,0.5370869337447133
F114181,0.4687939278363317
F124170,0.475349925706178
F101428,0.4408668042767933
F111588,0.37458470690629103
F117567,0.5264560676959154
F105661,0.41604056902243003
F124355,0.529347323297145
F114965,0.47821291472483907
F120057,0.42418414735540316
F122212,0.42510973390160983
F116977,0.4962121426504604
F112559,0.42299501296580705
F105212,0.4417946412482838
F100954,0.5281654468550597
F121941,0.45985402773596895
F115462,0.5286535947675822
F116974,0.451098741266251
F106977,0.48278414221184524
F113158,0.4377594194336734
F104864,0.4772083420739752
F105837,0.42743693885192124
F114309,0.5002093061616456
F114564,0.4471052003081283
F106157,0.5385792871296424
F105206,0.502876607375638
F107052,0.46379323507354536
F107894,0.5085978727461907
F120568,0.516661131870477
F119555,0.48064475586961813
F110716,0.4434393196922925
F112055,0.4441217639062303
F120856,0.48836047639831087
F109446,0.5334686024864933
F105342,0.4422914919814471
F112668,0.46900964984823684
F107650,0.412759018068161
F111844,0.41794752175386096
F115697,0.46595116710909285
F112253,0.44014285647537404
F106643,0.49222444887884154
F116282,0.4656622533077814
F106165,0.4392962843191063
F120271,0.49212051872710194
F123729,0.5225949046625596
F100377,0.41618662051325667
F108642,0.39785524464754757
F112115,0.43429663655400447
F102438,0.4879540912727658
F116606,0.39638147159715337
F118051,0.4100928188940044
F101272,0.4361657838523048
F122322,0.5325981584361528
F108021,0.44290776116427616
F109367,0.4891003530564197
F122111,0.5165688168186713
F112812,0.4341724312894558
F100908,0.46075262924706906
F113094,0.4741097743335098
F100501,0.46933813217259235
F118716,0.4793149217676489
F124793,0.5184945608623618
F107085,0.5100401346452389
F107738,0.4382689285260186
F110914,0.4560092171010069
F117788,0.4345965097193436
F118159,0.4377933311858175
F108667,0.47963819537288566
F108071,0.4576767321418571
F103657,0.4695475264143323
F119748,0.5345266342201278
F101308,0.44366398680679064
F116569,0.45545641606968124
F100038,0.4693793289800794
F112205,0.5392955382085246
F103240,0.4421545385906655
F113950,0.45488278165209867
F100517,0.4462000678947902
F118227,0.41368041442298903
F106284,0.4230459829897034
F107250,0.48115602377936706
F108987,0.4822054412014249
F115171,0.5297582816179178
F105144,0.40719308821525696
F106889,0.5203599125849766
F108820,0.5409427864105795
F117312,0.5071389036068087
F106690,0.4741712231935924
F109425,0.4855645255133599
F106041,0.49964734589058557
F112476,0.4821452281381569
F117231,0.4639477517671398
F105013,0.4188133396533058
F103834,0.37277298119616764
F122912,0.44430771508047223
F124120,0.5118368284116593
F116850,0.4612121041237797
F116021,0.48833453192502974
F102974,0.4709421076191087
F119415,0.41627596259019223
F106844,0.46492022436346797
F112212,0.45215714901114973
F105832,0.3838578192235761
F121947,0.4362307102609437
F101841,0.4445058761351865
F115295,0.5364244470195331
F102786,0.4599222093425167
F108739,0.5084262060509305
F124052,0.4952369304845597
F112033,0.4980823808948807
F109200,0.4868195415767697
F101307,0.46989646317356476
F116142,0.5008675043964981
F116923,0.3792948801986744
F112328,0.4908446276598914
F109744,0.4677756904003854
F112901,0.5257045567354961
F100297,0.4909837503968105
F106331,0.5155212956706052
F108745,0.5068763636752135
F118987,0.5205080276871642
F109362,0.4803165632470077
F110804,0.4187515503642557
F107474,0.5225535513482796
F114558,0.44078709031650337
F116890,0.4454028663743494
F113360,0.506749276651848
F115612,0.5107693221746826
F110049,0.4866751522858164
F108747,0.4870954028167089
F105182,0.4815938724349939
F104033,0.48100630610354644
F111015,0.5057729021969029
F115764,0.43729631489917836
F111029,0.4673706508008617
F115056,0.46973463997833226
F109302,0.49180857306878073
F122737,0.5008003344418926
F100416,0.4737929867972821
F108765,0.4446040375924024
F100382,0.44855933221491145
F119964,0.4791124047560675
F118924,0.4271689225231267
F119687,0.4377622356773487
F121773,0.46309418608436576
F103119,0.48092258716444386
F124159,0.4834441435390781
F113540,0.5147810671587137
F119690,0.43494408412873137
F124124,0.3902134370571686
F106874,0.5323706654333631
F124254,0.42910167656511183
F117206,0.4400883706247081
F116103,0.4576726140921797
F122415,0.5338287392035516
F114830,0.43938393964977474
F100470,0.4804867111417399
F119810,0.4987152208988623
F107705,0.5154390395690804
F122443,0.5430437608664012
F101447,0.49529576112261237
F110636,0.4248323511768044
F118571,0.395175912860837
F124080,0.452273334925255
F109930,0.3917049754129461
F108900,0.5122020452089744
F116182,0.5047209323890096
F107775,0.43541086429769776
F109914,0.42187724416644556
F107440,0.4605844021008042
F111821,0.4826833595780163
F116376,0.5024707089882848
F116093,0.4025313946335188
F114477,0.4660988928746109
F107480,0.48950524253138206
F111851,0.48564870196062704
F111086,0.4889985108878617
F123115,0.4146076508848638
F108151,0.515260814599902
F105727,0.5037032584197126
F121308,0.5270276103394337
F111963,0.4694882563561444
F120189,0.49064767585025115
F124354,0.4511170753855233
F106821,0.455881934691403
F104285,0.4773106918953288
F119069,0.4110046018069595
F105983,0.44354330024277394
F100970,0.47075833377982995
F112515,0.4177091495155045
F116847,0.46283809519325475
F102872,0.49646487984006704
F120378,0.5192343211924677
F116531,0.42891475606057733
F109448,0.5546263543874936
F116394,0.44932231506800263
F104949,0.46752745264794
F104022,0.45592733945805813
F109661,0.48621454596025687
F101127,0.49103577327143183
F105458,0.480957028980502
F111359,0.49711768583761334
F104832,0.49374378846667555
F124194,0.44226551095467687
F105827,0.4573576050627743
F107425,0.4892662057246733
F102306,0.5030422333083813
F119913,0.432201974447956
F101672,0.499673228316946
F103056,0.5084062579248383
F104382,0.43838751022924644
F118968,0.5821646587598248
F124767,0.5045504848195547
F109725,0.3859516089945245
F102929,0.4534986615647722
F106360,0.4519434531981556
F115541,0.52189677121709
F123884,0.45882300090082323
F113152,0.48313360871991556
F107913,0.41502361128091364
F109226,0.5054273212727097
F105023,0.5040544222698754
F102322,0.5434561209011866
F103788,0.454177856811494
F107396,0.5278230856028796
F115281,0.4964194789006174
F100273,0.49811463265715433
F107970,0.4208390916730133
F120773,0.47427021103489714
F112894,0.5321147705075615
F104441,0.3853589356805715
F111676,0.4874059052466123
F113899,0.4592418728913856
F124975,0.4685399583086824
F109944,0.5676170947274966
F118346,0.49245854673934336
F121350,0.47141372312618546
F107638,0.4125858894568155
F121517,0.5072407640965447
F116362,0.5204840032619565
F102513,0.5034804062339635
F119158,0.4497973101844767
F119159,0.4478191844792469
F104153,0.35991116593585887
F101120,0.5241060876695123
F113681,0.510138509883334
F121532,0.4479437675812575
F103335,0.5445653296850318
F101237,0.5132266844064324
F122458,0.4729657683593682
F120053,0.38057937633841776
F101349,0.4273899152884301
F108195,0.495190654865513
F106115,0.491945462406089
F101981,0.46865314286773013
F102653,0.4799676101052967
F111226,0.43931698149823334
F114911,0.5107074938127697
F104370,0.5085856166752821
F103728,0.48074505003981005
F109989,0.5341314980611771
F109136,0.44687232322771503
F109377,0.3812059013113927
F116367,0.49315728675572507
F121974,0.5317793843717173
F122473,0.4712097301389785
F106614,0.49369664011955183
F101124,0.44341462766244616
F115128,0.5233727840649417
F102816,0.5407683752338377
F103041,0.4591023574536203
F116138,0.43839933004457693
F117373,0.4417398193915228
F115252,0.48388240749226413
F124056,0.48188589939063936
F119772,0.49155068534671026
F104436,0.4756832406762533
F107423,0.48608556122855867
F100095,0.41496538082610307
F100364,0.48186447037025104
F112038,0.5110411356834235
F104522,0.47850105291496775
F113109,0.47413933222532356
F110974,0.4443108764704636
F101872,0.4939139232824677
F101068,0.41691515174500116
F104709,0.46786617710448214
F120644,0.46011348375259603
F110439,0.48555318432333666
F108131,0.4971407369017586
F109717,0.4144604062000049
F109622,0.5202359768430436
F123571,0.4534423353581992
F102686,0.45450495348645714
F119216,0.4927390986390075
F123527,0.5528333165205632
F112500,0.3551329579418102
F120660,0.47607942405969994
F121830,0.4502679229738977
F104237,0.44454446429879996
F115190,0.5369547426954763
F118920,0.5139881072679744
F116871,0.5292615158492314
F116973,0.42232668975848436
F123010,0.5102054108491113
F114876,0.4587106392858285
F110215,0.5179833994571832
F107723,0.4691362220918383
F108436,0.4956443091502966
F103074,0.5699743003923179
F114136,0.4316008238100687
F120082,0.43652654005598923
F115581,0.5193953651217579
F108293,0.5010190672689191
F115417,0.5511229985713898
F116833,0.4629231015642991
F100029,0.5257848970061596
F116985,0.44494035755359446
F111833,0.5702932579933687
F120260,0.46986618567522653
F109583,0.46673280707006676
F123693,0.5013340377420277
F115645,0.501989884391322
F122301,0.43686966430092067
F119206,0.47199773054046396
F100826,0.4870571812054924
F111926,0.5133578440116427
F112417,0.48861316302881413
F110403,0.40037130393891995
F119140,0.5156129324062724
F104695,0.47891596387257246
F123804,0.41452850221801923
F117199,0.4224882379854554
F114751,0.5590009108063755
F113662,0.5548901345435936
F119786,0.472587454360572
F109722,0.46252976231814813
F117726,0.4304302019846264
F120605,0.4143039117411436
F104546,0.5531289196275986
F119188,0.4932019873790377
F116439,0.4744285431887317
F111002,0.412809835220842
F123070,0.4961647264438594
F106147,0.43221672683496165
F104932,0.48095182337219194
F109194,0.515410212757905
F115531,0.5120186830442243
F105641,0.529530391719577
F112111,0.4646293916351183
F102598,0.41527854734165587
F109342,0.4343031656285968
F118390,0.46008511321080786
F113576,0.48178805403684705
F106199,0.5095219638787509
F116290,0.5310516030246734
F107611,0.5368479415564222
F113223,0.47780010884264024
F118464,0.491419055994391
F123013,0.4903145715788816
F120006,0.4990553766974616
F116478,0.4963203061294367
F101312,0.3658383656688582
F123042,0.47485989937095197
F100045,0.49162164991273566
F113407,0.45365392484764466
F113374,0.44610219235714
F118256,0.4321634173541461
F104208,0.4341355171451886
F120343,0.41035477950997346
F101762,0.4494882394696985
F108658,0.454693603023372
F116339,0.44876449927279277
F124368,0.4601457582531277
F103787,0.4459497053426357
F113870,0.44377173846001244
F111713,0.5050620906469653
F118677,0.5090641576242104
F104312,0.42855054566902456
F106606,0.4899596379035302
F118122,0.49804222916676627
F106599,0.5203935914808367
F109570,0.5111067783146387
F113081,0.5376886750793749
F105129,0.4663073760197661
F109831,0.4214471434046714
F115161,0.4721533968034038
F122139,0.5301154686816009
F114634,0.46482393034533864
F105517,0.47307112318771755
F114407,0.5187275399887785
F109772,0.43389501105088085
F124495,0.4686171951498372
F103543,0.5234201197360044
F124747,0.49283586847577415
F119084,0.42212112408049646
F115815,0.5463888439248269
F118726,0.42189135350341067
F119478,0.49301829490959365
F122521,0.38796515050005104
F102328,0.5007452911630035
F100842,0.5476140530434316
F104040,0.46373280816434576
F123101,0.5011103012374776
F111886,0.46529919565384853
F101212,0.5097293782677536
F116420,0.4264976620620389
F118287,0.5074210047146365
F111054,0.4973458638914805
F100706,0.5434178391740814
F120788,0.44195998440348155
F106477,0.5041068571713334
F116902,0.5825234011105949
F124738,0.4614548763493875
F105208,0.4961259695243902
F117963,0.4383429139772147
F119238,0.4579588048930047
F106181,0.44951915361773126
F119735,0.41605028174988296
F122554,0.47631715077470893
F122008,0.4764980383866606
F111317,0.5014117719880775
F123120,0.4345787774935848
F114225,0.4652232484568037
F121985,0.48273016420782405
F110484,0.4814388104216228
F108430,0.49577301271492513
F115305,0.441680874048875
F124268,0.48334069620322556
F119847,0.47482067390209987
F102738,0.42383167805973815
F109464,0.48729781390475063
F124522,0.4757207342811835
F103969,0.429090574966065
F109225,0.44781220599540866
F115136,0.5708060160783331
F116931,0.4592932166063744
F122013,0.43640438239976515
F124436,0.5049404999672227
F104149,0.4918377595978941
F110606,0.4337675382455756
F124802,0.4268573860700796
F104345,0.5056624004905429
F114672,0.42472329339521736
F119848,0.5266115313450347
F103290,0.44346485165798644
F104888,0.41615080740507754
F113520,0.46879937125177656
F119168,0.4571182545047209
F104655,0.436082498714429
F100234,0.5095747117896398
F123659,0.4832878490398305
F121306,0.39682795500339496
F122919,0.4753171238840746
F119185,0.5305049440752607
F114557,0.44465114971285474
F120068,0.5051971801921403
F110255,0.4432783805777418
F114668,0.5286794750731102
F101784,0.4770621981047639
F123733,0.4233933683201409
F111087,0.5348812979211175
F108592,0.4820378272273664
F110370,0.5389384752074644
F124017,0.5331285861263224
F102724,0.4921883530966475
F100722,0.4674826023474372
F119291,0.5216504117472465
F104360,0.5689154948960975
F120415,0.45034384453777404
F104816,0.49812813433915754
F111397,0.48419030135564367
F112336,0.5117074246557719
F110568,0.4198109704390051
F106576,0.4733206937647005
F100151,0.3613472037236463
F110197,0.5291212745439903
F109336,0.4622743692495242
F124798,0.4814987202108344
F100162,0.47783699616136227
F101699,0.43191745601453313
F112645,0.45686343925615935
F112829,0.5254084053041785
F103331,0.4537519785633815
F120328,0.4070527524013176
F104367,0.4800819101645779
F114200,0.5578728000035154
F104673,0.4668532851041241
F122029,0.4542391890151788
F101404,0.44574140312214455
F109571,0.43828617430797495
F117648,0.5214283995433532
F123171,0.460043251078445
F106429,0.5303242366539568
F119641,0.36012181021076867
F100178,0.4796902020865425
F117139,0.4155877916878719
F109205,0.40378001096539073
F123893,0.4921584008495982
F100733,0.44909392433347434
F105491,0.4448014844618669
F110633,0.48204645179056843
F116553,0.454187483185335
F105633,0.5050795906350172
F116134,0.3888191605018813
F121291,0.4986451047517516
F107773,0.44010814494829514
F108088,0.47349133541495947
F112707,0.48822155365079284
F109569,0.4569166040636263
F120566,0.46215085656322336
F123968,0.5064733273295837
F123283,0.49570701720743615
F121506,0.4373375603212325
F118573,0.49498857513076244
F124881,0.4581463759389172
F103023,0.43878080668320935
F121534,0.5382136560710461
F114154,0.4996882657468067
F122007,0.39826659719548524
F104670,0.48089779582045544
F109248,0.49249249445774373
F110905,0.4999168542809182
F117212,0.5054810229130013
F121030,0.49412860516796553
F113457,0.41353597010047266
F109021,0.47239465404301495
F104306,0.45013602912933687
F107503,0.4990108226505599
F119787,0.45294811216599346
F109176,0.49959410101882024
F119859,0.5375332050578968
F123185,0.4357710738752933
F117230,0.4380527539406112
F116635,0.4790613852379904
F111519,0.5356882503015495
F104098,0.46698958796755274
F118801,0.5048736030954435
F116581,0.5288004135547232
F101213,0.49196866624045166
F124269,0.4888441447881758
F106830,0.4104255591744208
F104895,0.4697335789474821
F114121,0.4364957735542387
F105776,0.4123079991644804
F119536,0.4055192296081251
F122474,0.5250912899678887
F111688,0.49656274578420917
F107540,0.5512708885801184
F112403,0.4266893413547526
F105677,0.5161865858243572
F124624,0.38200673405234725
F112912,0.3852398792051948
F108372,0.4869165166406554
F120719,0.38998698625965966
F104378,0.5444136154167674
F104813,0.48743911625305775
F116535,0.5308978886515183
F111736,0.5354475355247248
F106479,0.5146330411848218
F103242,0.4177469911666933
F107847,0.5300137865698606
F103745,0.4508460218930221
F118429,0.4323274824647267
F113004,0.43716134525437467
F119726,0.4473747351388983
F123790,0.38835707926050633
F100034,0.5160125082029676
F120440,0.4566396804065973
F120180,0.42018649101791633
F103656,0.4734342010120505
F112455,0.4667341543377164
F114722,0.4778694070946849
F112118,0.5113706587336594
F113876,0.525502198245133
F118160,0.5029668161788635
F107376,0.48848988424600065
F116340,0.4464954890820448
F122412,0.5175796725702746
F115761,0.45056639724074726
F115139,0.3797016613932932
F119614,0.42833530945282766
F103980,0.44339389975367105
F117948,0.4355460462510705
F114958,0.47160439586025055
F116637,0.4967084676310207
F104803,0.5100273403007953
F109432,0.4758222971582584
F113672,0.45412721848704946
F109842,0.4930862080788145
F108896,0.3580785719163447
F107375,0.49536567522478175
F123387,0.3844918489490395
F109033,0.4414717723329055
F124376,0.4393689375075198
F115318,0.47443379237357725
F119660,0.4956772380898403
F121151,0.5124966854405826
F120631,0.5430495760924778
F114549,0.5168643602189857
F101564,0.4870117980476691
F124619,0.505843828045107
F116778,0.44451232936321283
F101453,0.5133685695003023
F120928,0.507886748980487
F114264,0.4105521222664792
F112329,0.4221347362269415
F101843,0.4825740408663476
F106051,0.49434540586526504
F115673,0.5347403555642867
F121338,0.4900358357186896
F102169,0.48040211465954136
F119965,0.4961715810182316
F112596,0.47070541922045034
F108499,0.44133153811081377
F115880,0.4254256604787385
F123734,0.4676269183615933
F107446,0.4907842569497831
F117816,0.4195539466786441
F105036,0.47830957114663736
F114356,0.47087907888875924
F104341,0.48833746180104853
F120665,0.41901596094951155
F117856,0.49287209704702906
F114709,0.4925720273005763
F114293,0.4469288843136404
F104545,0.5415079573174993
F120020,0.444506784240652
F116643,0.442205686741487
F112763,0.48652840870323016
F106407,0.4805782328398461
F104724,0.5341419469587555
F118714,0.4164282173147191
F124702,0.5066787302353567
F117532,0.48918344012461124
F111065,0.5516107943855624
F101010,0.47291790053428034
F106494,0.4461792096821258
F117477,0.4944589407423505
F100685,0.42630556175552997
F118386,0.42768479170235824
F119360,0.4516740495092295
F105237,0.4821118758159345
F110277,0.4848042330765991
F111872,0.508099362182559
F106074,0.4727671023931431
F117047,0.45237494334815115
F121491,0.45418794479254876
F121176,0.4812824502700523
F111292,0.450351696794021
F123267,0.5457355229266218
F109498,0.4617898101069336
F118709,0.4510660935492085
F103696,0.43955384845552753
F116806,0.46492013347456973
F120702,0.4212004858193011
F104260,0.44114744640202364
F109515,0.4598895172238707
F121169,0.48259328847442584
F113126,0.44244360577201164
F110555,0.44496796387556903
F111033,0.48598897839628147
F107429,0.4931243662867102
F109347,0.4686194904092702
F105088,0.5552308369996237
F101848,0.37539036652979796
F109353,0.4532610781799492
F119003,0.49836587334863897
F102969,0.47308932343080745
F122274,0.5222832669998101
F104854,0.45387289324475494
F117822,0.5376613832707555
F107891,0.36238245144076664
F105037,0.49395994291110246
F112575,0.4392163735598193
F114509,0.4678933151732021
F106600,0.4721459434500118
F109291,0.4815699284954588
F100317,0.42317986600087365
F110155,0.5164160975980219
F106033,0.5029650914673386
F108058,0.47179719620162286
F100261,0.6197854194244158
F124396,0.46915418416553384
F118697,0.5150243513052564
F102451,0.47117933268239803
F102538,0.47124810989739885
F111894,0.5018596602923576
F121146,0.46825678112519215
F119246,0.44409698847619544
F106764,0.4580893245094906
F117322,0.523950782637372
F115755,0.4953548432598422
F113605,0.42108589789026535
F102710,0.4291191732933654
F119391,0.4152376325837838
F123996,0.5062694600389613
F111637,0.47080839243488687
F115162,0.5015798316996402
F107792,0.48758398523100943
F123145,0.5041309857210091
F114613,0.4619725404909982
F123044,0.36266542467902557
F106749,0.4412582412532435
F100836,0.4184563679274755
F114598,0.4700931329703259
F107653,0.43995678369622754
F116849,0.4600363207131902
F108605,0.48037465387753586
F107383,0.4157761666357876
F123911,0.39565543560229727
F111184,0.5256739449252252
F110214,0.5076001024120099
F123822,0.47779147559335416
F112193,0.5015284348662272
F120841,0.5191251059189285
F117956,0.4813962490948211
F124877,0.479337910836846
F100062,0.4346205923605149
F101837,0.4805889346675453
F123424,0.4931858412388969
F120509,0.47960925529403425
F120729,0.4498286842213735
F108163,0.4792603529699594
F110580,0.5520497467635109
F102803,0.4460964941886245
F122612,0.49096969613399416
F104600,0.46950386572526576
F113106,0.42443318636030847
F101545,0.4447688045363244
F121559,0.49846991177679006
F104337,0.525256509696553
F122298,0.4316086635509863
F118818,0.4559098748387402
F121191,0.43204122931246025
F110094,0.46734466316492274
F117833,0.5567459715120481
F118565,0.4766847858906855
F105137,0.4175694203983959
F102304,0.4742407760718801
F101992,0.4940060654673342
F105940,0.4312372205814881
F120312,0.487220211182856
F122523,0.5047048130678179
F105644,0.4138194349880921
F114930,0.4766236366673663
F102055,0.4899132510700825
F101865,0.46680676014456784
F113006,0.5419202819750293
F111517,0.41615238218087786
F107205,0.3760829674457718
F100281,0.4749927842165803
F106249,0.3944947920844264
F101795,0.5036676108787395
F123338,0.4168080875005976
F100417,0.485651048890931
F107552,0.4113488253548499
F100421,0.4133934462409445
F122717,0.4393500796307271
F110029,0.5113973447600326
F116213,0.47067782756050824
F120203,0.5110080054941717
F121400,0.5220440038591948
F102410,0.49584332351550786
F113164,0.5829000330350399
F112430,0.5346514691646184
F110772,0.41766265146218956
F107726,0.49652276407139484
F115940,0.37916059324552753
F102875,0.5071648929545204
F119355,0.455909415415658
F113306,0.4738167812153645
F105384,0.4504540381058306
F123072,0.43265138988727603
F109979,0.43689307733091054
F113891,0.4911690507768695
F109099,0.5669925573495452
F108435,0.43111236299872496
F123416,0.502690820104154
F101919,0.475122702204049
F101766,0.4954157638034447
F115238,0.5074811883276321
F119887,0.536291889857251
F118656,0.49375388961633443
F111062,0.5043968216072113
F124530,0.44160516809471007
F107975,0.5481175442511438
F104548,0.5301009830588641
F110843,0.5440180828130551
F110256,0.47549451157396755
F109074,0.40665094855265776
F124484,0.4143709012542639
F120196,0.46455669024081014
F104294,0.5066978451584031
F107467,0.43934144841270306
F120244,0.4695560445686632
F123187,0.4664985060498726
F112771,0.5555092095483201
F117023,0.38983885410423064
F119213,0.4546090986617916
F113098,0.5204211610081512
F116855,0.5260649783148625
F101306,0.44922551915959835
F100909,0.5279305776643223
F114368,0.5043091802268164
F114371,0.45745991224306326
F120980,0.48072857233892424
F118550,0.45340091449540765
F104843,0.4663474000910927
F118498,0.5761856473614294
F104761,0.4448457046541214
F113347,0.5097723048004451
F110363,0.4097993546814876
F102342,0.47328632467068726
F102609,0.5347621405674057
F114479,0.4629316002062574
F108351,0.4423981027749257
F112614,0.4851501304040296
F112204,0.5639071642487287
F119447,0.4968617654232236
F109298,0.4890003705564458
F116652,0.48758137488903636
F119068,0.4891701474688996
F105089,0.4639263251690491
F101636,0.5185754380052973
F106619,0.5166189857571563
F118108,0.4887062129492364
F112851,0.46540791581312446
F115111,0.4938832910521132
F111622,0.4873514289956961
F108793,0.5317740933685131
F118800,0.4965680094964559
F115275,0.4464733538149407
F102362,0.513908310029689
F107284,0.5018475242395384
F120471,0.4979716281873525
F123050,0.5065856482462182
F119940,0.44263242196204744
F121582,0.4057276605992614
F114972,0.4114736637613814
F108065,0.510092461794741
F120580,0.44747488228834575
F114945,0.5363104757991637
F102408,0.5040585576107091
F110431,0.495512146343174
F103669,0.5058467300000035
F123781,0.5778611778859337
F115715,0.48186318872429
F108380,0.5384919930437698
F106089,0.4283756945166775
F113793,0.4314042572673659
F103269,0.4512786474106592
F110531,0.4473780457635851
F103529,0.4749592803843294
F109149,0.47241296249999226
F117568,0.5126970424715201
F122152,0.4529245816568743
F106396,0.4850282175402625
F101797,0.46664509874638366
F112318,0.495797236742071
F103122,0.4884793888025899
F124064,0.4983889764787313
F118639,0.5467317250965814
F115913,0.46232356379459366
F109873,0.4876337680954325
F120091,0.46125124448907007
F112609,0.42021885711970636
F114961,0.493522404348223
F119734,0.46055308255235683
F114566,0.47260259747636696
F117003,0.4698390116957832
F105055,0.4682049598391573
F102011,0.5042073015236348
F100934,0.4483281737588678
F111696,0.47211614266519214
F108316,0.43329036199274074
F115710,0.48264799267238473
F108210,0.46736121613074316
F101403,0.4591864390898449
F114763,0.41874404484739325
F103191,0.5306838651649884
F112148,0.5077990482742764
F112365,0.5016807042183822
F110678,0.5052090576345758
F108746,0.5164487944719738
F124293,0.4473134009423887
F109222,0.49359633724692364
F103183,0.38808228676896905
F101183,0.505294518346649
F107095,0.5438660849393507
F110704,0.47810171812427066
F122267,0.5151053184398307
F101657,0.4494192536559145
F106951,0.5025334879611009
F124399,0.49817675261322636
F112526,0.4990434981750544
F119013,0.5056778700729443
F117862,0.5274503896751422
F122016,0.4857534795136904
F119088,0.3835433417354891
F107519,0.45625030188026405
F122224,0.502705826436616
F114056,0.4391201008463267
F106801,0.47739362530011714
F110016,0.49339213052051334
F111578,0.5066798228800232
F113671,0.5596743417870428
F100966,0.4102662695936707
F121428,0.4878626817798341
F123633,0.5054718372645618
F102981,0.4116614037092107
F108192,0.47130962457779424
F106415,0.4438963215201303
F105420,0.48087352632596136
F102891,0.35514012566701053
F112864,0.5296405621410455
F119796,0.5015354427549032
F122286,0.4856282313099805
F111968,0.47539280038166937
F119271,0.4777337133082629
F121319,0.5707479967418178
F122989,0.4305794468607245
F110587,0.576123968082411
F119835,0.4982386995732883
F113804,0.5379104890833813
F120608,0.5046906173170966
F100063,0.4464440533087237
F111602,0.35956853599977007
F107242,0.4180451458135837
F111447,0.42105332025242853
F106101,0.46364883834068726
F120610,0.4628424665224013
F111823,0.4945502304595615
F110848,0.4829689442388312
F104147,0.501585304673422
F120801,0.4420655195884205
F108269,0.5320666873119378
F122035,0.49782169960155626
F102387,0.4509397169507294
F124608,0.44647861030135594
F117790,0.520085111158614
F104029,0.48436083525719126
F115235,0.5152306788686882
F110891,0.4364307308089338
F122291,0.4368550612956526
F114721,0.46680685049296516
F109328,0.4402833936181219
F107995,0.49180942085411616
F121056,0.4541062118314387
F111933,0.4703540759103803
F117608,0.3579026611889995
F107155,0.44660758352727586
F108926,0.49981834109029927
F106237,0.44168172327175403
F112467,0.42345071974460274
F117632,0.41503995485910766
F101380,0.4546652798149068
F101621,0.4143156732615859
F115108,0.47299931714064336
F122264,0.4999557813316704
F100303,0.5230998355156861
F105445,0.48904367612378424
F102267,0.462681444869879
F119046,0.5305744945990529
F122308,0.4805734474420468
F107153,0.5045426793905982
F117843,0.46840327794696385
F101910,0.4049947140830088
F114196,0.5774479322501044
F105769,0.5187358331080304
F119541,0.4457131009848347
F114088,0.49173062639169424
F115915,0.501345072198748
F119736,0.5020965600729047
F111740,0.4491508734340022
F114594,0.4774080833386837
F116558,0.4699497929022613
F113078,0.4983737152032112
F100369,0.5327920730250563
F110194,0.4767060189093661
F105193,0.45832773460322646
F124542,0.4997440342554899
F104589,0.3876361291769298
F104361,0.38430508264681673
F116568,0.49667026270813247
F117695,0.4512134947896389
F104183,0.45194380437650283
F103675,0.4230851234242909
F102368,0.4829788359351714
F113625,0.5275348661272442
F118503,0.4543074755439478
F122740,0.4559450216451502
F106321,0.456161535659463
F110321,0.5033333085607269
F103934,0.4930880950306626
F121797,0.48529484054929
F102651,0.47439715557956025
F120766,0.5634520196791363
F118858,0.4960791367904804
F104815,0.47616119137331375
F115827,0.4850420091750579
F101686,0.4665589413094281
F114701,0.4744730841960802
F114078,0.5078975242478587
F117801,0.5041326444310933
F122684,0.4875122078128061
F123855,0.43441638263891064
F108565,0.5369695857678431
F114810,0.44289700274879734
F105579,0.4249412450254806
F106859,0.4962043614811941
F105364,0.5150313740182393
F116307,0.3532806142815134
F121889,0.47290560493221906
F122442,0.46737898325077204
F123936,0.5114967633157467
F121631,0.5020451185805845
F117055,0.49573640307920497
F109654,0.49799387173305637
F124546,0.468705549221746
F113811,0.40937344082503907
F118936,0.4768173669285271
F124526,0.3753840996441717
F116075,0.42578321629645816
F117880,0.40452284446451453
F100117,0.5179809502766034
F101966,0.5267788975365986
F114404,0.5755239658082228
F115372,0.49702225209285317
F109898,0.45974955454741057
F113034,0.48118726336837603
F111045,0.43899643947580214
F109096,0.49676082144523587
F108596,0.4289809099132731
F119689,0.507825705859345
F102311,0.3873332404213319
F108047,0.4997871261569336
F116621,0.5159009198732509
F101279,0.5262577942521928
F102314,0.470990241875259
F122908,0.46704831026625393
F109229,0.4427645218093002
F111778,0.42779597709088635
F124529,0.4382763550752327
F101674,0.486254205807635
F110878,0.5331579846131513
F101942,0.4846548341937889
F100662,0.4911097019471753
F114234,0.3746375829097445
F119443,0.5228775733557243
F116400,0.5259262167999393
F106975,0.4349509206540653
F102758,0.4700530439065655
F109727,0.4497111831443045
F107258,0.48195794438459066
F102979,0.39222662089674903
F115578,0.46462575318215243
F107711,0.440733241871828
F103091,0.5339577932390531
F117680,0.4429949942847884
F101508,0.4352783275322633
F115284,0.4870380311762503
F109277,0.44698633911181196
F107648,0.5025344801396182
F102072,0.5059930706745883
F110092,0.4612634902768289
F116611,0.5090939495809433
F103080,0.46534606875226175
F101913,0.4904527310750695
F122131,0.5080950855323861
F124057,0.5004285749139249
F112930,0.5358599697108613
F105262,0.45587298802328097
F117660,0.5235973237884202
F102962,0.5346431879496035
F110450,0.5345692105281731
F117292,0.44351144582213003
F100124,0.4697844781839672
F107355,0.43789727477267776
F100676,0.5058685448183557
F118568,0.4157678755544848
F121315,0.40251150820096077
F105243,0.5202277421269197
F115486,0.49299658929365947
F105536,0.4006080490609889
F122476,0.44895456008212525
F114635,0.47272598602123805
F114860,0.4444512677198878
F120946,0.4975149178291512
F107566,0.49054267350357844
F113521,0.443978991491748
F106032,0.4411628686070255
F100430,0.4994435332650971
F108705,0.4530312302546052
F114616,0.522311935468192
F117673,0.506988091132326
F111701,0.4588335983379844
F120700,0.4410812059667967
F123090,0.4175165289634081
F115296,0.48555921536424346
F119856,0.44329955888516925
F105403,0.5198205577634591
F102948,0.5226852011247552
F119484,0.4883154364492568
F111890,0.4416872468964558
F120961,0.42935680103404533
F103322,0.5053600588535162
F101204,0.4349333836972074
F100381,0.5411231165852136
F111363,0.4334357825643982
F108761,0.4498501598235175
F106107,0.4481914414331513
F101048,0.5590308260074259
F113832,0.46854511249359476
F103620,0.4828818603435644
F120874,0.45982612223250635
F108396,0.45186195189967215
F103921,0.4627433463670537
F114217,0.529371732624048
F118553,0.49984862324142826
F102942,0.45941163200438423
F111745,0.447156623828714
F124294,0.4911365090509583
F117821,0.5269988629918425
F102501,0.5298341612007024
F121007,0.5037207015567632
F109120,0.5087478866324409
F124906,0.5438805387530822
F110934,0.5065394669016969
F103892,0.5151783459054169
F101988,0.3701769146685345
F117297,0.4382148080546175
F103333,0.4828272822974732
F124532,0.5778427087322899
F110317,0.45748264490691476
F101326,0.5075383863443398
F123640,0.5400523638032917
F122450,0.5394288059723301
F121658,0.5194663289304711
F105792,0.45285156868133347
F104454,0.46286569664883825
F120705,0.5038571229714154
F111750,0.49615906130982623
F109324,0.4916596032411435
F106103,0.4177363035534388
F107508,0.497388231612792
F116292,0.43650147392268135
F110812,0.4952428885488059
F118252,0.4823286123259191
F110876,0.471472521751242
F115199,0.5239353662878733
F111179,0.5033881898851625
F124475,0.44638294210467355
F103147,0.4160525236163545
F100344,0.4900118720001692
F116474,0.5429198831152692
F109615,0.4210736793038226
F108437,0.4737237943370451
F107824,0.45453951679566756
F122006,0.4101107850591038
F112927,0.4889776077952716
F112746,0.46289060985874614
F110474,0.5134387787338552
F124709,0.4976017955086547
F115106,0.4661642359758961
F123513,0.45160514858512707
F118216,0.5279107036356828
F112998,0.5054447751496949
F105529,0.4879488242946058
F108501,0.4650710542827907
F108282,0.48787549166036714
F113583,0.4073255498395205
F100574,0.4591100687075331
F118499,0.5424560629104347
F109104,0.48252131547659904
F122637,0.5155911547683864
F122437,0.5073868587990062
F124901,0.5196892964113277
F106283,0.4923362511695518
F110003,0.42844429939956685
F124217,0.43441594404793643
F101199,0.4677179258917978
F102781,0.45999261167562683
F110469,0.5037026588966006
F109133,0.5004865042800134
F124950,0.5112546798351953
F120339,0.4673274947764926
F105887,0.49507743518115666
F112225,0.47176338754034625
F107370,0.3635190815365941
F103559,0.44790409080205534
F107478,0.423634458186535
F104308,0.44192931164222377
F104732,0.5014518220451196
F115187,0.4770615732579375
F118012,0.5026758474256257
F117228,0.48440250772276316
F116614,0.49530597103345914
F107910,0.4331135136701995
F116998,0.39697042144801326
F115046,0.49235241209464664
F110361,0.4398943374974099
F118665,0.4159913709041938
F109652,0.4586908260053428
F114497,0.4402227193048563
F104957,0.5125299861974912
F101949,0.5364369606356328
F123522,0.4157933081452638
F117038,0.4520648212968726
F102234,0.5343390995715548
F116997,0.5100735112390278
F107715,0.5544529905391679
F106209,0.47594650148541656
F114631,0.42324518856247934
F111047,0.45425111921038813
F107722,0.5432519775200889
F123629,0.5109768641635752
F105307,0.5314128886876437
F100276,0.4148898271609856
F120474,0.5433577081978787
F114160,0.3857282199275009
F110975,0.4674597903117767
F118874,0.42418354738681513
F104088,0.5788815985966692
F100779,0.4544460587723962
F109610,0.483804237144323
F102568,0.49660281300360365
F122318,0.4714611804359752
F107513,0.3960729010372146
F121989,0.5391864323116107
F105505,0.5094702730207523
F116533,0.4347190855377528
F106849,0.4115413433187118
F106802,0.4827430556885285
F124883,0.535805028127595
F103571,0.5333596667407279
F112567,0.46902552724419055
F113994,0.4746465931991471
F122663,0.48757992194272615
F122659,0.4271049375908559
F108701,0.43775211704919686
F102880,0.36827125424284174
F108569,0.4969776605711175
F121717,0.41474258783316237
F109974,0.4940103690133739
F120370,0.4637513981249946
F117473,0.35557197899471826
F112693,0.4823702295722523
F105000,0.45075479292814064
F100285,0.5153257261655514
F114122,0.47576719319499156
F105751,0.44143095856207376
F107788,0.48485370097515157
F115467,0.4263675124244468
F102622,0.4359741741599281
F107899,0.4107116811978902
F102079,0.5522582824761636
F109416,0.45735464780402985
F104238,0.46320953369618484
F100461,0.45876225033322227
F112622,0.4805299230263881
F110160,0.4524262220583711
F112915,0.5263258419178587
F114018,0.4401352450095882
F113896,0.46371427602642673
F120170,0.4941230154642933
F113854,0.45886842817617596
F103818,0.5138440495961082
F106810,0.4149046702844714
F113124,0.45097750444343565
F100838,0.509932499110254
F102996,0.5077123984342672
F115842,0.5060425646205072
F114888,0.4818241667492253
F101293,0.45181083266555017
F115443,0.5300174937637786
F107521,0.4784577429705839
F115413,0.5094206444613464
F114250,0.49623135436064275
F118786,0.5093373540417089
F122254,0.5089279239913573
F121689,0.4440586608163743
F117848,0.5117285662514678
F100852,0.4304384952653761
F122845,0.5026453525786547
F123435,0.4977033784789615
F111311,0.4844448072545893
F115693,0.42977701696620746
F114977,0.4456668467293018
F104897,0.5116565057792956
F104821,0.49924494187357255
F114993,0.5109842759104323
F100904,0.43449444371515783
F103244,0.5037822569814744
F107784,0.4621282376177425
F112491,0.48098885428867033
F116895,0.4668662526257827
F100545,0.48745029116825406
F104812,0.522804761233554
F107098,0.43167745798965046
F124363,0.487604866655506
F116584,0.4751780184142829
F107171,0.5462751158703436
F122313,0.47660137898979893
F106383,0.45383100437721
F104226,0.5024412316884961
F115928,0.3649038831406812
F121080,0.5313361199000709
F124138,0.4715693815127019
F112198,0.4398821611068376
F103361,0.49522771253222525
F114204,0.5121196775030195
F117323,0.4049310623684087
F108519,0.507194832107667
F116883,0.4737805163320505
F112759,0.45176183308028117
F111901,0.48349602562302946
F120650,0.4517351311119788
F103826,0.49849221835461033
F112527,0.37502998970664775
F122498,0.40187352748712224
F124072,0.5092932602191913
F103159,0.5063504807160794
F108242,0.4851529397033327
F119219,0.5133984173953531
F120620,0.47752126188013094
F116601,0.4788646580808469
F112813,0.45689941443134663
F121489,0.49263268955913475
F112435,0.43226747623407974
F113841,0.44575350026038196
F106438,0.4477185578554656
F119840,0.4800826028311298
F114199,0.4178259598223894
F111612,0.4888108851457254
F117617,0.46225697546268585
F121901,0.4073308355150902
F108459,0.5656104079662241
F124668,0.4729285119366083
F118354,0.46186761997482356
F100578,0.43460583373535655
F104874,0.44958167357897144
F108094,0.49795289731167885
F119640,0.5043542705653207
F121313,0.4201861068876896
F108467,0.5430649235788646
F121072,0.47648690198343385
F113024,0.5052255687650222
F118961,0.40348193518339837
F112331,0.4695645549324934
F111393,0.382979250273559
F118824,0.44578450775009976
F104630,0.4427475812748489
F119694,0.46379551772676825
F115168,0.581159571399239
F113160,0.4892840087078834
F112047,0.5136798083960449
F119427,0.48917765882560776
F101595,0.493796310159253
F109179,0.5264742001991497
F100275,0.4170066938162601
F111079,0.4961618913872515
F109465,0.48249557391181874
F112919,0.4709786500786254
F124460,0.41960293531100484
F115813,0.4697679437683558
F121070,0.4154289519757481
F105662,0.47875111141481336
F109958,0.4988394018046825
F114149,0.4243655614130885
F114380,0.42560957369875774
F111485,0.4799907333176824
F101685,0.5059868742821513
F117721,0.43396491837055734
F107967,0.4803053818083356
F119972,0.5100286422263627
F122321,0.5372337695198834
F100012,0.42951603819132966
F119093,0.49468943180709085
F100667,0.44883991147646807
F110167,0.47229862795819555
F123985,0.518420751896615
F123465,0.5405147962405839
F123655,0.39126288728619657
F124835,0.46659677373809666
F103445,0.4436426138347528
F115195,0.49842758405582055
F120478,0.45363630815287365
F101017,0.5119177181175514
F124732,0.5144816894884702
F110965,0.4611149030391939
F118844,0.556309564969648
F107954,0.44604430446492754
F111156,0.4511400863360949
F100623,0.49935905543920356
F104855,0.536029818517124
F119661,0.4643429105794206
F100599,0.4391113816290965
F103358,0.5598131492843464
F107994,0.514499435386745
F117248,0.47671052443734463
F103476,0.5371710921117079
F102399,0.5210480216516856
F119623,0.46847510114993457
F111593,0.5135813776490179
F122377,0.5382528540231734
F120253,0.45988854570443805
F122347,0.5155639374053687
F124561,0.5193304857321317
F108281,0.446658931569658
F106031,0.5218512262787401
F112641,0.4976530790184969
F114279,0.4433337375355005
F114552,0.450474343587087
F113767,0.4251242975910396
F114432,0.529965277243861
F106840,0.5065555319511571
F107323,0.48762553662146696
F115626,0.44782189841673753
F109540,0.5030030307822023
F114980,0.5140109810684271
F118205,0.4972112775131069
F124755,0.38899894791049133
F115152,0.5426786802437752
F101796,0.4114097788689678
F113981,0.5006514124426792
F112050,0.49145015625869465
F119564,0.3756317043102371
F116438,0.565901664097928
F109893,0.5067003553845681
F106047,0.5289733690583712
F102657,0.44211743804807385
F111568,0.4730538638556978
F121907,0.47965040332311537
F124040,0.44737910697784616
F109261,0.43877116696547064
F112642,0.4787327546993892
F105759,0.484510931926745
F120095,0.4501447119421345
F118721,0.5032777116397599
F123330,0.41236510111901
F123851,0.4399264251914536
F124150,0.5352665576389328
F114705,0.5077795313574317
F101299,0.4400051354151188
F124749,0.38744936697831567
F115566,0.5357335402165979
F104414,0.4881814850541907
F103154,0.443828906115766
F117644,0.4473843621980967
F117213,0.4582276290404645
F103504,0.5781530582439981
F109589,0.4147208562243751
F123196,0.4346860569254143
F119529,0.4668666306418936
F116689,0.5281275140401266
F106997,0.44648604896098376
F107128,0.44770687296853146
F116356,0.5439712960027112
F104563,0.5004803587657508
F114657,0.422118105872859
F115824,0.4013922915382763
F110572,0.4427406903960644
F115702,0.5534578308569412
F122399,0.4094528623824936
F110201,0.4720927913458428
F102157,0.49981529211939907
F109472,0.4959907780716692
F103211,0.5388859945214708
F122265,0.46424004034067845
F102927,0.5092403586981958
F111582,0.4290006156244883
F121411,0.4552650642875142
F114336,0.47753408143134896
F107007,0.395814809227686
F111569,0.5051536347829525
F105846,0.3599730903810976
F101168,0.4879851899851107
F115923,0.5052038289611547
F102593,0.40432464793906014
F113640,0.38612138118490774
F121066,0.4257262431045699
F124919,0.4556259585918803
F114084,0.49864672753364886
F106809,0.4300378726274045
F104024,0.448326451679597
F105616,0.44142218002220684
F111082,0.38852797337957795
F105244,0.4780307407412764
F111099,0.4754506506637422
F109961,0.4374942407623168
F103033,0.4409530819671029
F102794,0.5149328259221393
F112356,0.4973654270767683
F113831,0.4715353442820348
F104280,0.4746074797202197
F109521,0.4305201584691562
F123888,0.5067899134737683
F112485,0.3686346236967735
F109273,0.49464567565267714
F118391,0.4492133033415245
F103822,0.4056980923867576
F100116,0.5381490740237456
F113084,0.5028725741802637
F107233,0.5098804737580502
F107585,0.4624096898587029
F117529,0.49445706389324084
F121589,0.5752990779040138
F103116,0.47548144566646144
F122459,0.47731603238600406
F107724,0.40765048501478357
F117749,0.5103593608713922
F116278,0.4376477597873645
F101629,0.4637035358731582
F101577,0.5017721544514755
F120763,0.5129638755250305
F112218,0.45388044726727
F108583,0.4758299661781756
F103258,0.4517397257488055
F100848,0.47050618818728335
F122727,0.48410034236698596
F117009,0.4745051202399962
F118990,0.5075152804375935
F104102,0.43375003012578894
F115599,0.44420965093442855
F118788,0.4507524983147756
F112935,0.4995241824361142
F118331,0.48024552289089345
F114359,0.4975751976360709
F100246,0.4136994768581594
F116622,0.4452276750237317
F108938,0.4836094880210765
F104396,0.4806755488722929
F117056,0.4694220827100734
F123896,0.5513118935759727
F120726,0.4678996360154953
F121823,0.46631219983801436
F113548,0.4408457375364427
F120616,0.46165954698947526
F116391,0.44421711016755866
F113049,0.5101426084754074
F113818,0.4177742543624681
F110072,0.43395018445426553
F109588,0.45550961660257083
F115906,0.4479032799031493
F120576,0.49904737336161253
F118413,0.5600314868327715
F113174,0.4942494360588621
F108700,0.4974242825107298
F120069,0.526014317557766
F117480,0.546500586297805
F117064,0.4013698097894231
F112404,0.43945537265916285
F112863,0.467456469651707
F103935,0.5280193942812462
F124344,0.5269067291122955
F118087,0.4902249287576747
F107237,0.4670641519419029
F113866,0.509602385140342
F120676,0.42811872457176875
F106787,0.5455053297343394
F105649,0.4746956394726938
F124100,0.44235665413850395
F115945,0.5129009398006906
F100441,0.48606732467917313
F102525,0.4998932394120311
F122088,0.5028084960950456
F118867,0.4742351309085849
F107232,0.3599464759551563
F102769,0.5562623345816835
F110807,0.49861643409727646
F100438,0.47421559216758813
F121910,0.4890905937763383
F111480,0.5400158403779224
F123340,0.4838017448462827
F103042,0.503366520730912
F107596,0.4576969874197728
F115776,0.4697513357316488
F102502,0.5074949792965829
F111318,0.4801597336970234
F112062,0.5497131792590871
F124792,0.5069199918709707
F122966,0.4538390092709848
F110465,0.44665571383465935
F116038,0.5358327364319885
F102188,0.4420378761944122
F122326,0.3851932160737555
F114610,0.48441828172158136
F112674,0.44939834115274496
F113381,0.44895540742101037
F115351,0.4614774278176408
F100891,0.39122875169369487
F112199,0.45099309406489063
F119698,0.3714675828676026
F123440,0.4956434947606866
F101164,0.49769772534943874
F108790,0.38428354451341035
F109130,0.47759812816257824
F123152,0.4990399127279903
F101544,0.43219681903206714
F103474,0.4993585527664378
F109574,0.5315899710330254
F121431,0.4823648194235806
F114966,0.5423928199797442
F119928,0.4691288238889633
F113901,0.45738828127270215
F100133,0.5468809627556795
F114828,0.4458420088582557
F115554,0.4825143862601523
F105903,0.5403339205272272
F123392,0.4878948651226233
F109145,0.49580075205744784
F105656,0.4823947050515859
F111280,0.5298017001607586
F107504,0.40423678001311203
F105564,0.3963801966246345
F106909,0.4672512065864256
F116486,0.5018055835458383
F124281,0.5041893760531417
F111436,0.48974803742789186
F123782,0.4419144748972123
F107371,0.5210195157454246
F115651,0.4609518830949102
F116494,0.49721339632678074
F108845,0.35869979243019207
F115890,0.4428101631208912
F119552,0.5469898359271376
F111516,0.5368255581813358
F112465,0.5220020198684632
F100643,0.5089360880423087
F123291,0.4407381077515392
F108470,0.3875326173592279
F106417,0.47864515513222367
F103424,0.4937100599268232
F119908,0.42101981969456426
F105719,0.44893631424175473
F113530,0.4189204799228747
F120259,0.4336339187743287
F101281,0.47503311760524636
F111685,0.44670661021906816
F105203,0.3983594777860225
F107678,0.4423886641080144
F119335,0.48652522024135825
F103601,0.4905308679336051
F118229,0.5228517485851002
F116112,0.4753623617391684
F111818,0.5369448591582183
F105707,0.4690971646721443
F112311,0.4970668359095128
F115246,0.45653984632589156
F103359,0.49132666479937426
F120089,0.5310553634336699
F120875,0.5072109295179682
F104362,0.47200297820086895
F114442,0.5365397765604349
F114182,0.49105600257529386
F110118,0.46956807328859856
F106175,0.47615872590346797
F108537,0.5370973681310598
F103204,0.49098747997205655
F124978,0.5213042260276788
F122021,0.5065039546950101
F118039,0.49321399961904283
F101238,0.5356956282651419
F113274,0.47356966193678945
F104550,0.4941587810676415
F101330,0.44225028931126914
F116399,0.5024604566562026
F116644,0.49353868710493504
F116854,0.4939122550082082
F104164,0.471102474447589
F116185,0.5050902850377255
F105730,0.47278174497988595
F114152,0.38403711823785786
F111128,0.436452894024464
F108709,0.4930151878742845
F115912,0.5071015217487712
F119894,0.458088959071735
F106493,0.5111816526673669
F101189,0.4920579580886796
F111139,0.48897263829493576
F111006,0.49714412371850136
F107577,0.5398389909878458
F117510,0.5321618523278402
F120494,0.5488133394524818
F117719,0.4356081562911173
F122879,0.439411005783388
F107625,0.5455928746783372
F105437,0.4405070749101913
F118010,0.502099162944865
F116881,0.5099602772861613
F100187,0.4679837659367476
F121376,0.498383832387212
F109587,0.5023376153354581
F103688,0.4254706882434861
F121488,0.45798184203355513
F117629,0.49942857096486704
F105425,0.5136165584335866
F121404,0.45603464961765255
F118337,0.445118590691319
F104030,0.5078863485378059
F115256,0.44659359514108593
F123740,0.4572681931717659
F109670,0.4978811173582836
F110823,0.5613185680521435
F103197,0.4184804078014667
F115021,0.4138711657295327
F100459,0.45024389672826026
F122047,0.4504257313544102
F113025,0.4842637332322014
F120777,0.48466813329604
F102882,0.4624712958728685
F105070,0.523062652083424
F114682,0.47236417803322095
F116192,0.5194149966662258
F104397,0.5109369704581564
F120524,0.5290007815380595
F119934,0.47783358652089364
F110929,0.5255330291553494
F102859,0.49797630311247126
F124754,0.4339983921380389
F101087,0.45277437967253403
F109233,0.5220802472991993
F112119,0.39102080757053276
F122242,0.42888425818654097
F120785,0.5123073259429146
F124559,0.5072172804722475
F110824,0.483700201984594
F118459,0.4523787168825387
F103051,0.423378982683661
F105150,0.44924916299271284
F124944,0.42431911192211796
F103363,0.518783004872488
F101489,0.4999858381401939
F109369,0.5057500027466606
F104904,0.399015976006902
F111766,0.5509986893985565
F111931,0.4487921056634385
F103979,0.4897284706822564
F110559,0.47846216132720165
F122549,0.4305528727088074
F119047,0.39082342649181223
F106513,0.48598996094155816
F100803,0.417211284715606
F110961,0.4161476686335578
F107236,0.4802470174462678
F109756,0.4831045679619392
F105762,0.486894332947251
F110064,0.45403915214541024
F117417,0.4163160040467603
F100074,0.49894307304152874
F109326,0.4355307125993755
F114621,0.46891457518715135
F104151,0.4516971048704835
F118524,0.47849780564804706
F103836,0.39398420398006795
F113787,0.5029141057875379
F105820,0.4637474837738323
F103783,0.47645964498174936
F108993,0.4834487355546792
F100775,0.5696959941297368
F107481,0.47460954059018984
F111112,0.44184750935045
F117751,0.5071351229228542
F112203,0.4906536027148896
F111119,0.5350546839380831
F117114,0.4221704138265829
F111458,0.4645422277742715
F115086,0.538013036438732
F107349,0.3876772701520839
F103152,0.41151988705670434
F103723,0.49162023080066924
F110188,0.37877058972759964
F121282,0.5083870634185848
F111781,0.5231691757064195
F110537,0.46159139554223794
F114249,0.41182669654816334
F103527,0.518667543856701
F115596,0.4340980522240125
F121388,0.4865911698580756
F104942,0.43939329342529987
F116910,0.5186711711245121
F106905,0.4937688036128824
F112994,0.5520117278742767
F120535,0.4443710715877036
F105123,0.48600614178746043
F114679,0.4373730894799552
F101779,0.4825869467578416
F118270,0.47340992120764475
F123714,0.49138721901764765
F112307,0.43051317570831577
F115870,0.5529815352729976
F113144,0.3873148810043825
F123133,0.5111257627647555
F114349,0.4734458680157236
F121855,0.45996673475159433
F111044,0.42610087389758483
F108224,0.4718321504725619
F102671,0.4635931308620786
F113859,0.5045057230684157
F120245,0.524716392511038
F106290,0.5122457039961442
F105685,0.5408579157887821
F105097,0.48032286231490795
F110498,0.47995857451130636
F106123,0.4700692511760529
F122927,0.4263246557618829
F115219,0.39306106590299167
F101377,0.48227075434035055
F117468,0.48507847631835666
F118829,0.48423366288065656
F112690,0.4522319094444212
F114255,0.4139476579141121
F111474,0.4852874893778711
F121971,0.4948540537748742
F108844,0.5034061220254867
F113348,0.4298482515897949
F104569,0.4940854043061646
F120611,0.4831744386303622
F113173,0.503567092068069
F118633,0.5017347618613835
F104251,0.5965140212371841
F104671,0.4948344204243395
F123798,0.4678121207478343
F116010,0.4735181655425494
F117979,0.5234751597921264
F122376,0.5798100542216748
F108669,0.3739715590853843
F115302,0.4641855011768825
F122815,0.5005404565918512
F119004,0.4365193285257228
F118644,0.4588175292911109
F124540,0.5315351326040438
F121332,0.46014536382508436
F109027,0.48832198599191806
F119425,0.47762193107840323
F107040,0.44344747272289
F112722,0.4960806411936068
F100681,0.46149478608115396
F120514,0.463457458082912
F101855,0.4479841426552426
F123344,0.44419354851788734
F101123,0.441179499964051
F108986,0.42279420730874817
F122938,0.47762385699287724
F116817,0.4852518876217993
F109201,0.5117993017393242
F103697,0.5050864196602242
F115502,0.42442719225889947
F118720,0.496526048592044
F102464,0.5077295727948088
F113800,0.4490979047224613
F119446,0.45798462709159543
F105054,0.4370449516079767
F124894,0.4625813132794652
F115433,0.4531455809689777
F119757,0.4778890823168
F120112,0.5656989882169084
F118927,0.5020074961605647
F120805,0.5114109686653291
F112273,0.4923634614018443
F116197,0.4475715303411662
F114863,0.47751891420536324
F118241,0.45518764879294216
F119729,0.462475101087127
F122423,0.48428127995198694
F105359,0.5063869726890738
F123129,0.43635578506095013
F108755,0.473983785948013
F109675,0.4715974713953848
F110349,0.4310733428013129
F120381,0.49506930584317493
F124501,0.42421618993125326
F104682,0.530616783205576
F124009,0.4511808707534199
F108849,0.4442201734149368
F115855,0.3852216166182399
F111929,0.43636952660917305
F116938,0.4948410810883787
F113587,0.506873446729204
F102665,0.5163117475321978
F106210,0.5017001260676702
F121703,0.5690687693282689
F112925,0.38542529430318745
F116899,0.3873391697696217
F124171,0.5478288722061314
F124990,0.46972136810462956
F120039,0.42238915578718433
F111382,0.4959913166302522
F108213,0.43566738077908557
F107820,0.5213635094150463
F115509,0.449385681881203
F118349,0.4305935800866781
F104318,0.4445723442301025
F118304,0.528577960579474
F111005,0.4949948252506195
F106972,0.4882278644988309
F109404,0.4615584124315885
F124981,0.5297755213117538
F122758,0.43317797141814046
F120098,0.5010003727068663
F111347,0.5550862663451667
F115655,0.4792720156869586
F121415,0.44837247954478204
F110492,0.4491434768095297
F106495,0.4866897264135271
F120074,0.5015571409082985
F102440,0.506168900638033
F123489,0.47067190482475535
F108096,0.5532190512992915
F108872,0.466314597297229
F119904,0.5544011199174597
F112636,0.5130072059876494
F106662,0.47181267834453283
F115898,0.4725579640621134
F112108,0.5920114942133701
F121024,0.5352283810613715
F112774,0.4642171002052701
F111413,0.45716096245946986
F109759,0.45016808519915863
F100772,0.44590010621528964
F112389,0.4348655126997914
F122276,0.44277237980245293
F105336,0.4514612558476964
F101607,0.4840333723014147
F121295,0.4840770869891283
F124818,0.5380225723504025
F112531,0.5339108634975868
F121503,0.48834122888920095
F113282,0.5453785312694167
F106428,0.44148954582831484
F123390,0.4336589840538236
F100274,0.36821647407513164
F123460,0.4459438689039841
F105884,0.4740463314791663
F116602,0.49127978786738175
F101451,0.37061788064134504
F105282,0.4939803660998568
F110639,0.48468239617019976
F123126,0.4930312967931359
F122571,0.48634236346287213
F105726,0.4972586457548887
F121789,0.48994391522851594
F117998,0.461446092661778
F101634,0.5053510078907065
F122216,0.49128490867888824
F122406,0.49263756822313465
F101560,0.5011188907486731
F116183,0.49017064504859653
F120127,0.4364797611018213
F118436,0.452797509298607
F113853,0.4590391406007257
F119350,0.5045298679213069
F121868,0.46054997765602873
F118879,0.4685196913788522
F112708,0.4644060439171979
F109637,0.5051004110097943
F102757,0.44773404229639435
F124866,0.3490147120458572
F102873,0.4742853374254582
F109215,0.504440428224039
F123681,0.4978423120272407
F117392,0.45585800383970376
F104750,0.45553783407008797
F117615,0.4531624824514568
F106295,0.4637009083518887
F104877,0.5383670626763342
F101582,0.4356920635110663
F119339,0.49863417248879977
F121141,0.505042414469525
F120774,0.49131485451897927
F114494,0.45983622424419723
F122672,0.5097347720103277
F120362,0.4140600246677775
F110151,0.3706102323492474
F108911,0.463116240982495
F118926,0.436515348586913
F117352,0.49636322021963164
F103991,0.42284691863155416
F107315,0.4839743480305346
F104856,0.5411805166973539
F123322,0.5290400903715322
F103486,0.5261672078062519
F110563,0.44572979261513307
F111624,0.4262346555402233
F121013,0.36652558250794665
F114715,0.522410445254416
F118999,0.4596811119693311
F107957,0.48877684862689674
F118045,0.48594154655849103
F122002,0.3770409611258854
F103326,0.4770145276260108
F110651,0.47898931440558024
F121518,0.416621956264725
F104349,0.38598636571625955
F121134,0.4476091037647112
F114934,0.5082224457697375
F102900,0.48575420637412814
F113777,0.5041474456573994
F120023,0.4673979189237388
F101205,0.4600410195773347
F115040,0.5298499597520447
F123546,0.4493144933396212
F108218,0.4864037669425671
F108033,0.5164167298932063
F107014,0.42791602811177804
F121079,0.45370031105938763
F105514,0.4679318337714406
F104662,0.4423168852970166
F119205,0.4352627374645975
F123188,0.541432217963077
F112304,0.42971420007135636
F122885,0.5044720716941953
F124825,0.4722785020977398
F104777,0.47184107404599285
F108969,0.4896807479554815
F116859,0.524685106119801
F117296,0.504946907270289
F110562,0.5783042862312019
F122435,0.5270274908859914
F114589,0.48845812305172615
F117083,0.5273968932523072
F103683,0.5098616429693708
F120173,0.574688285408609
F107869,0.4756008648412362
F109736,0.5012675531861753
F115522,0.4592888379825612
F113163,0.443425904370775
F110841,0.4430913378904578
F119566,0.4881022654095361
F113638,0.5257606098936863
F116398,0.4607978531961345
F109054,0.4188870300316971
F121206,0.45072592824282515
F114011,0.4381781668663707
F108561,0.5015747627678806
F112178,0.43557379677296515
F103775,0.48212971830042256
F117690,0.5048848082455455
F110297,0.5157027691791322
F109301,0.5806168623252598
F113691,0.4196417079651267
F108570,0.48972697298711126
F110817,0.5619259146927894
F102335,0.5165492675537758
F107243,0.495057929458707
F102543,0.5050463763220904
F112852,0.5077800834626036
F124523,0.48252833828361774
F117169,0.49230644292175707
F122369,0.4515268644451087
F121303,0.49160432845743895
F113914,0.4897456380698128
F105755,0.4575292997423341
F107263,0.4873083699831496
F118103,0.5090350299544223
F114588,0.4240192335655309
F118190,0.4999626320697776
F113620,0.46082387496130145
F112699,0.43992196444695597
F117741,0.539050621864131
F112564,0.5570840028388414
F108405,0.47319113074709923
F101225,0.5593318419586276
F114620,0.452066020382707
F101537,0.49221756095029706
F112840,0.5244952574524622
F124469,0.562019552063615
F103839,0.5277740916660095
F102778,0.3950445484847958
F100456,0.5019358363075233
F102175,0.5889972955987339
F102961,0.4215351617833224
F110479,0.4345286800682963
F116285,0.5351793065426255
F105600,0.47259379725549816
F104202,0.49555308936254344
F107740,0.48267440298987996
F102813,0.4794319101418272
F109985,0.43571726342799416
F121652,0.43908645982679656
F117217,0.4747465507698904
F113204,0.5354259180511476
F123432,0.5328768520557359
F124423,0.5396290622652705
F104231,0.46618053445575053
F123691,0.4640914956601982
F102716,0.5810751108918619
F115196,0.4498271166080913
F121973,0.4355270717156919
F122877,0.5116252410391212
F113118,0.408823464005056
F121209,0.49632443186699343
F124144,0.4329463461259049
F121200,0.45338809360094035
F111646,0.5486443065278134
F116909,0.4818313142356259
F102684,0.4315399893986938
F120306,0.4104251918966891
F117528,0.4429969285244916
F112964,0.4827360289509475
F119204,0.46443008654145673
F103012,0.44162684979552175
F116878,0.48557670425924193
F115026,0.46119714312593757
F104929,0.4932871516057388
F122917,0.4256784159334907
F118178,0.5013176631653864
F103158,0.5003672081113869
F120762,0.5337332299759531
F118876,0.4407557390087567
F102203,0.4633173131147614
F104143,0.4841931043060253
F110444,0.4875028793392229
F102595,0.48270932818037754
F106825,0.41546723127983676
F122839,0.5011082929365905
F117499,0.4850034006703
F121366,0.4603721376656858
F124345,0.5340826372860729
F123666,0.5279196359927119
F124745,0.5115245258441788
F112321,0.4552209233771281
F114231,0.4794180596889747
F123891,0.5028024712881816
F100990,0.5080981098837662
F101219,0.47802376394253143
F109500,0.5109266951983679
F106709,0.5603430351375945
F119979,0.4343511133083858
F122162,0.4983460352201103
F108408,0.3891572807172619
F121187,0.47538518018358183
F108410,0.3863303799252891
F117014,0.4367225641244686
F105706,0.4346809012525601
F115869,0.4030876037506931
F119559,0.436753826008594
F117107,0.4382181760398554
F101367,0.36237674172553164
F108168,0.5175805499759767
F118918,0.46905299846851023
F124110,0.5592876698300115
F107400,0.5342042652821328
F122033,0.5038374663229968
F104052,0.4498297110977212
F113350,0.44712378003848613
F111725,0.4955285473109226
F109860,0.5427347324637899
F115017,0.5095016478573607
F115259,0.5022498625171958
F110154,0.4648421260082903
F100926,0.48108359050202343
F102228,0.4193858498722324
F107046,0.5196208679723894
F108203,0.4806100747646204
F110248,0.5203561924210949
F117460,0.46939413741171504
F111352,0.4989113950241737
F116243,0.5032097921231088
F116045,0.49380805274374634
F115608,0.490859738225032
F120168,0.4341036349140467
F105327,0.5400395453356686
F121735,0.5010247443795384
F102094,0.5000235310139745
F106989,0.5714043431447099
F122140,0.4843037144872569
F124227,0.5139642940631076
F113251,0.42459417232103513
F114648,0.46945385376541254
F104090,0.4802406900476217
F115262,0.41903489448841497
F121671,0.49651763418637784
F114856,0.41675418056025604
F104690,0.4384487733190796
F115407,0.41310080271567146
F117034,0.5077022724334389
F100882,0.4393978382795176
F104773,0.3855148808917984
F118047,0.5367720351123793
F106758,0.5062855603907622
F119275,0.4506415893101005
F119227,0.49579068755682604
F100915,0.43893055009952603
F117889,0.44546172104372367
F110862,0.47991569043517524
F115950,0.48076018292827405
F110491,0.4408071678428976
F113388,0.4990805763912249
F105406,0.5179737188894504
F112585,0.44997327520841124
F113425,0.48279172619701644
F119657,0.49010831695144724
F114015,0.5092545771305207
F122278,0.46461542626990254
F117549,0.35890391848773895
F117269,0.4555382921404106
F102282,0.5118853337227953
F112632,0.5115676851462899
F106548,0.4480674242836561
F113371,0.45849475469597517
F100565,0.4916200950856448
F105824,0.3940359503825593
F112686,0.4916955081227849
F100313,0.4428240896581509
F102864,0.4427005632755342
F102561,0.5392324607531946
F117260,0.5040508613942495
F106273,0.4374702544810584
F111251,0.4932233461118557
F100923,0.48891014945348016
F113779,0.46931652210484576
F111997,0.4870117835452338
F113741,0.48624987582698276
F110888,0.4679323599093663
F111977,0.4163234652057704
F123528,0.40616423255396544
F106677,0.4910426409215349
F100661,0.5317318712039337
F100583,0.43846700581448006
F123555,0.4777542016902941
F102949,0.5071812295564003
F110984,0.4097191753170252
F120760,0.48146070338781005
F114992,0.4665172435221807
F105399,0.4900251868342842
F101361,0.4671476785818308
F115286,0.4247151938223456
F123603,0.45810792515519966
F112157,0.5069254333556589
F103395,0.4055771446877861
F122546,0.49741586315074376
F115818,0.47054373337589295
F101579,0.49969212969714794
F102826,0.5349473997135769
F112030,0.44607544510437663
F118090,0.5378931475514834
F104717,0.5402547900149346
F107042,0.4403024318829264
F100914,0.4392204792391288
F121925,0.5010537540702036
F124403,0.4822700514942281
F122063,0.48604903958436246
F111873,0.4351695058740204
F106543,0.4560273098863424
F120447,0.4345529566109673
F105278,0.5544142439618194
F103430,0.495610633390373
F121005,0.5142257515126871
F102069,0.4308254330100191
F119160,0.4335990464871564
F113088,0.43032301597470896
F105670,0.4886917601690728
F117836,0.41969198148196696
F121697,0.4323248103699658
F116829,0.4422113934453409
F117196,0.4856440921045549
F120476,0.41977771318875506
F107450,0.4663552878963048
F101113,0.5098329564624887
F119438,0.4832786904323896
F107608,0.48122437354400677
F104380,0.5114285482823503
F113557,0.45150680438695445
F119095,0.4883663860560968
F117873,0.43830001410302466
F116469,0.4712361396432782
F109576,0.509242797433232
F117267,0.47744669428286873
F108617,0.4786172170512836
F113710,0.5022214401539099
F106581,0.5072778947990618
F123084,0.48236324219332516
F122281,0.5073466798983549
F121761,0.43719342190907673
F100696,0.35757095656438015
F114106,0.4881293880731919
F106806,0.535750376333656
F111904,0.40775373108417656
F104250,0.45033680674442517
F106718,0.4986112015057778
F113600,0.5145483847261151
F105276,0.4251874753794718
F113977,0.4466051309049
F117702,0.4749113674526912
F122564,0.4348827572096782
F110176,0.559390124703432
F108426,0.5147294071364081
F105515,0.4393823760604737
F103742,0.5140969570368579
F113197,0.4421503284380551
F111826,0.4692742279629838
F105450,0.5080291686049251
F119543,0.4692964316788895
F112551,0.45696947004645366
F110488,0.4334890275449902
F115910,0.45450088806847083
F100084,0.4961244943132671
F114669,0.4359065315700424
F113029,0.3844516649298552
F115540,0.5095214517318237
F101528,0.3994003923709784
F100092,0.5213623786902587
F121075,0.42093047162699354
F116053,0.41864589067927077
F105195,0.5427338813423725
F115779,0.46638918417210945
F118320,0.4344374110218757
F113937,0.49174023362789404
F107999,0.523842902196792
F109671,0.4967676273026514
F119267,0.4931881816536288
F115338,0.465039553242006
F101746,0.433473743071218
F123963,0.4785179787536259
F124023,0.42601051104410204
F120213,0.5052862763199268
F122848,0.5045143978580758
F103793,0.4403060427570756
F122575,0.469724515796559
F101210,0.4790503123092969
F111055,0.5000872142380978
F103271,0.38236089230236
F118329,0.42905734787263944
F115167,0.454296832937879
F121921,0.5379556337052114
F118460,0.4703934934544168
F123992,0.44279290156860557
F119948,0.4407559986112404
F113756,0.43820038132285316
F121581,0.4465929263019825
F104847,0.5065231539889484
F100079,0.4981960804687235
F118513,0.4378286837506305
F105053,0.5510809339189965
F107072,0.47374006025528964
F109164,0.4545543656799643
F115544,0.4723325098408048
F115440,0.4735580216933047
F109406,0.5187821241252596
F123244,0.4754690104306773
F102173,0.46879102077249885
F109606,0.43572920937808074
F103450,0.426957247944636
F117442,0.40112893611390227
F124027,0.5085175588715803
F107438,0.4971567608083058
F108206,0.5048248152186169
F110530,0.4807477933181738
F105180,0.44217093779657685
F101475,0.4939197864708142
F120643,0.41315192736314454
F101971,0.45652454953253924
F110419,0.4698287265711168
F108208,0.5010831228310939
F103955,0.42105460026728275
F102199,0.4043554669911235
F102866,0.5191300322295863
F101469,0.45379394019421826
F120884,0.4449324726152995
F120979,0.4387489767924507
F113138,0.47533368146025873
F108392,0.5053105744640168
F112571,0.4787168355456713
F116366,0.5314347463760883
F115051,0.5289991620357118
F114071,0.5182207987446005
F123677,0.5230741699435646
F100632,0.4562538159825407
F111189,0.541516566411803
F111096,0.5468686230014129
F102899,0.5103008035024341
F103525,0.5370672984224024
F114179,0.480701583583019
F116692,0.4966565561104726
F122962,0.5075198112082033
F122941,0.5066130286315462
F116922,0.5314899441150384
F113151,0.49202440802465464
F117317,0.4689603872714916
F108468,0.4908832385258318
F109959,0.45782311995713487
F116262,0.5347209351945971
F124497,0.43738092035170634
F123433,0.5082262947854547
F114656,0.42551293605581936
F104118,0.42258852113678486
F101713,0.4768199125232474
F116143,0.4248570541941666
F103943,0.5023457807744418
F109080,0.4835570461050835
F113195,0.4686130840402648
F100613,0.46830000152481793
F102489,0.4861579025071665
F108495,0.46602344064439644
F119986,0.4568390254101373
F103849,0.43737696020453676
F123067,0.3583324093525921
F100929,0.5146613074373291
F110998,0.40912829301768866
F120261,0.45085725871043597
F118143,0.4362889983486275
F114265,0.4169459784997007
F122816,0.47522769170919116
F123170,0.48366975013801944
F116737,0.45712173194942834
F101474,0.40276117499227226
F100949,0.5527177439219196
F105609,0.37981651293004126
F109628,0.3940150184800056
F100974,0.5493941503721441
F117677,0.47931553568176755
F123325,0.44072998479648556
F111536,0.5166549521945926
F100026,0.5015009053793849
F100237,0.4551600853973388
F102154,0.5006039875249245
F107227,0.5192571907645175
F113643,0.4462592063854124
F119359,0.4659512732338118
F108239,0.5139651957406545
F101853,0.49967389655673194
F111985,0.4685465725997683
F106842,0.49596868489633716
F102316,0.443808258949131
F109925,0.48724826994140424
F119589,0.4679126584632192
F121088,0.4133412022491934
F107139,0.52320266609214
F105227,0.49855256839527773
F113754,0.5117393335480901
F108352,0.41100181181026174
F111743,0.4170759350306756
F104193,0.44155438243814793
F122728,0.40867720624808
F116575,0.4350253594395343
F104657,0.5320277932804913
F104363,0.5587798466294409
F114139,0.4393800787339806
F108645,0.43036491632857654
F115289,0.5069463792154232
F111505,0.4753084868909641
F119668,0.5022207860532896
F109619,0.45332753998761943
F104399,0.47817587085197844
F116968,0.5283426657067727
F112287,0.4980775798044228
F119242,0.4767120595229564
F123830,0.5195503224692134
F122770,0.5551176274186146
F107403,0.49826242901735124
F107791,0.4644969088490232
F123172,0.42511888668480585
F103170,0.4942738345513265
F123835,0.49416950135733356
F107829,0.4876943823961171
F106679,0.4989063876735511
F100267,0.4755225015246232
F117435,0.4679522279952015
F121772,0.47359187966112865
F105883,0.5258385162693671
F102508,0.45601757592706527
F124870,0.533839500559992
F122787,0.5096966047079485
F116775,0.43623258594240116
F102960,0.4385127475885858
F108697,0.4627137111694469
F105934,0.5060362328103515
F102818,0.5220827753434881
F106076,0.49710333685325125
F104222,0.5109902027927895
F123272,0.5406761091962334
F112958,0.5354751628815148
F114957,0.5154048479574957
F119503,0.522529115400982
F111915,0.5287200460500974
F124101,0.5251914004989778
F108702,0.5054421280973774
F110112,0.5396729240104555
F117032,0.3636649053909685
F114132,0.5499530274051164
F119528,0.5085155325546687
F103129,0.5274629032742225
F123730,0.49585027338104465
F112748,0.5079287627051468
F107833,0.4352084336768821
F111917,0.5022599196862638
F109988,0.43876412859251446
F114960,0.44076238109378396
F105397,0.4359356178268761
F117747,0.43393531946620967
F108199,0.5457682515553912
F107145,0.4770233681042856
F115759,0.4391254874224892
F100468,0.4884033329106362
F119121,0.3885909980175033
F108262,0.5195831976102475
F103408,0.495140267614264
F101847,0.561903929809086
F121670,0.48755877625861516
F112737,0.5067473638043105
F114503,0.4595116618334954
F109783,0.4942807643881814
F103803,0.5197712255314914
F124502,0.45693628831374455
F107060,0.5756449407402592
F113618,0.4497982430154938
F110554,0.45283651390464746
F124142,0.46924619188293953
F111529,0.5612742331534313
F120527,0.4638939675718681
F105910,0.4166372139535247
F123274,0.4771417671994124
F111962,0.47525661133457825
F117302,0.4468209158174745
F101737,0.47113693713383514
F101042,0.44186878929833895
F107198,0.5096830085036292
F103209,0.48174128332022825
F103520,0.5273702855106284
F106450,0.5013717927873489
F101965,0.41613517500812136
F101960,0.4311398834886059
F103817,0.507493153753184
F121375,0.47671312624635404
F120557,0.5454910317159559
F112409,0.4442455450697413
F113466,0.5550263932062763
F124133,0.4916653009706348
F119075,0.4813377003888809
F117661,0.46429446652104917
F110507,0.46070675389049276
F119758,0.49886582323744916
F101457,0.5062591757833369
F123685,0.4146726589173532
F110241,0.5398759973196887
F114878,0.4951958694424207
F117812,0.5486327709441343
F108721,0.42345751579657676
F103700,0.48484706424753665
F110476,0.507092665174576
F109487,0.42183198024018126
F115127,0.4589550847803468
F110759,0.524552600549132
F103714,0.44093359017907874
F104323,0.42293942640042154
F115758,0.40124162932594215
F120952,0.5263458927030803
F101923,0.4613813822947105
F115011,0.49421469009938146
F112113,0.4839351089011049
F122248,0.5355181458220488
F122490,0.4667588322177096
F123819,0.5158065017973513
F114743,0.5027981295096092
F124820,0.46675680805370906
F107639,0.4159093616326495
F117117,0.4274453857272837
F104612,0.4673499136479045
F116397,0.4916401882837913
F103469,0.4395738481803623
F105969,0.46856654898471745
F116203,0.4165639532639784
F118077,0.471586169065299
F117563,0.501283219765569
F116407,0.5299844933844093
F122795,0.5034528683062157
F102453,0.5141123671275272
F114999,0.45608745602868256
F109520,0.47229226648671013
F101513,0.425554640124246
F113423,0.5268560668350427
F104413,0.40974966913963057
F101891,0.435056679549683
F106597,0.5026560061023128
F109864,0.43166071738375233
F115201,0.46385611625828155
F121122,0.5113667997895507
F118055,0.46168331961893005
F118135,0.4788431906066466
F108868,0.519455757562057
F117319,0.5100588211641873
F116707,0.49973641550928966
F108555,0.4193722996084906
F120365,0.4536316926551844
F118616,0.49302703265224257
F101170,0.49030221891290043
F104868,0.41380593406669985
F103136,0.47449776830513685
F112200,0.46004826026546897
F104466,0.43265434341552306
F100659,0.49692238533522815
F120018,0.5504721558388734
F101718,0.49351489615880717
F102476,0.4050143109152197
F123173,0.44634631402319513
F100338,0.47294275238387634
F111262,0.3735426687791296
F110898,0.52466104043319
F101767,0.40716076893418324
F120823,0.4607714464400784
F108292,0.5224644411816682
F107528,0.49374722326650977
F112036,0.5200326191764825
F123031,0.4284026243660339
F123116,0.4994639837874943
F119994,0.4596525368959195
F105513,0.49779044757092245
F115625,0.5161486648617333
F102366,0.4484683361725854
F123791,0.46081002924448383
F117502,0.5015195408477804
F105738,0.45361941528740113
F100399,0.4371741259321283
F113562,0.5028788255613573
F124235,0.5111515220401301
F122241,0.49829870847197827
F109285,0.3918458567774302
F124489,0.4766359386496042
F118501,0.49885429241290286
F104964,0.5261283033841969
F110120,0.5361016548018842
F110175,0.4703838853205727
F112288,0.4890912071607451
F122352,0.43081158616324516
F119842,0.4565138549508256
F124660,0.44989999428926825
F116457,0.4990220593596677
F106012,0.45569667652866713
F107035,0.4220017438953669
F117519,0.46397025734599473
F105345,0.5288241897364827
F113659,0.4982218548635054
F100507,0.5008507547112123
F104165,0.434995200916992
F105789,0.486484032761836
F104705,0.4403951158734206
F107966,0.5392127501204818
F121867,0.4620747909377109
F123175,0.49880519683538377
F102857,0.44333539508752956
F105255,0.49473343205118125
F118790,0.5006705208981486
F119545,0.3987281361275217
F106294,0.4670317141852568
F112249,0.5704334437423325
F119245,0.45199922848968527
F123237,0.4356715299906695
F106545,0.554006529257755
F113494,0.5110895911787099
F122854,0.49542178657399266
F115410,0.45677592379041354
F106678,0.44637703945269996
F124022,0.48369710249938974
F122045,0.5081953572892547
F115878,0.5302163542506816
F111462,0.4431285030914708
F106121,0.4819164241592027
F114443,0.5246070330028567
F116687,0.4807993324615219
F107590,0.44481484018584316
F103603,0.44604019048610344
F105834,0.5735405063107214
F118871,0.4801392078213173
F121666,0.4963682841153277
F103565,0.5577230166588083
F114849,0.4472721811272189
F124988,0.4905053079180202
F115649,0.541787213030226
F105801,0.48869503742921305
F109034,0.46821006675745747
F120938,0.45983890617227596
F104769,0.5094476896445703
F101860,0.44869622131724574
F100455,0.41283780481592613
F110707,0.4505658095106011
F114263,0.45836482096270775
F103345,0.5001591345595205
F124426,0.5327395959869384
F109118,0.43435839298572637
F101844,0.5743677698270678
F100306,0.42270084678759734
F101166,0.5055516364788556
F117542,0.58284605414034
F102326,0.45201816500861985
F122480,0.45344932967437757
F103442,0.5353772771373297
F122230,0.5388116167715642
F103327,0.5598308837389183
F111141,0.47760576723823717
F105312,0.5224964256874317
F106891,0.44088196573901617
F120222,0.43781096175318945
F107630,0.47535433268741933
F110123,0.5175447008715284
F104846,0.43884134456473606
F104093,0.5004911799977464
F108154,0.5020230138743719
F115947,0.5036050963679708
F124909,0.4614771725573385
F116388,0.4822911593524357
F124153,0.5087062656607506
F113554,0.5081420009328421
F122504,0.5246845464399383
F122056,0.5093635108082213
F123752,0.5556306163094422
F122945,0.518472304986782
F107968,0.5025182989507975
F122066,0.4248077469859107
F120998,0.48044042591619907
F111080,0.5111337015318455
F109249,0.5491509276156378
F101171,0.4834500238909194
F121221,0.45141059814709134
F119924,0.507143813073315
F108453,0.4898244171568743
F117250,0.46004857185307085
F107656,0.48846636086857087
F105847,0.5205042454876144
F121429,0.4691583043202113
F112384,0.47838582090112375
F113551,0.5154034409459388
F100586,0.4848080364176683
F115434,0.4689453372823906
F114352,0.45032121723080953
F113218,0.5087202364735955
F109863,0.4927925649123017
F112751,0.4993918497223388
F115669,0.5216634749412296
F119230,0.49065497605769254
F120634,0.523207495964542
F116680,0.49580010605930824
F124700,0.44890003386784344
F119492,0.42339855408023525
F103881,0.4506848814726877
F118149,0.518974514420826
F123376,0.49203359659789864
F113575,0.4696307789736221
F124869,0.5034730631310972
F110865,0.4965815361561162
F114491,0.4495782145742679
F118014,0.4422787194041651
F106623,0.4944727689507433
F114203,0.5308493287972798
F105485,0.4412596341560637
F124876,0.4818902243014387
F115428,0.5214444596861758
F107330,0.5579441645889147
F105082,0.48568561919085196
F101920,0.43724052803527297
F115153,0.4966101229110897
F120704,0.4427524432884969
F115409,0.40894853932629893
F113827,0.47867628029343284
F122559,0.5072165333174028
F110323,0.5012540712839914
F101292,0.5149419461579897
F102798,0.5020923576526032
F110262,0.49553180151985865
F120737,0.5688578076683749
F108412,0.4311314806377241
F100467,0.5462393985818584
F121988,0.44466905586035477
F110964,0.4962392078507679
F107733,0.5142631355274906
F114591,0.49611912386219176
F111805,0.47497687993481613
F124251,0.5581055312322791
F104572,0.4611920641448987
F120283,0.46123801873020537
F120083,0.48460825793689005
F113123,0.4423989248276939
F103125,0.5193581971530852
F102432,0.44838955363089233
F100413,0.5098901471564946
F116279,0.43807656525247324
F111647,0.44449610518947813
F113260,0.48943239377242903
F121527,0.5014436036982107
F106833,0.44003138340756476
F116173,0.4365104789600996
F106920,0.43522353580621925
F118448,0.43859363215194025
F106072,0.5080540507289333
F118428,0.44258809279677847
F109286,0.441506603257997
F112379,0.4837170727497944
F107259,0.5250880250341298
F102615,0.46153862012565366
F104515,0.49960563097877864
F115088,0.4569186090284956
F100617,0.49705468674634096
F123845,0.4426042206696696
F119233,0.538278808766301
F111906,0.4959331830251927
F101694,0.49091228096309647
F106459,0.4717455381634554
F102887,0.47989220624900797
F118363,0.4683369568325272
F120728,0.43469275732095664
F107896,0.4964564567084069
F120640,0.4783607417556678
F110909,0.4423077700371005
F113498,0.42265906929871605
F106596,0.48044559978059687
F124318,0.5242934184701195
F110727,0.4637594779465799
F124476,0.44028278855975855
F108549,0.5012011878359122
F102172,0.4622158565516475
F111235,0.5166253237795884
F106899,0.5311765024130838
F117025,0.44099521164775507
F108461,0.44970361674151466
F105581,0.453127702608743
F123577,0.49878498670943455
F124032,0.48386460964955963
F119287,0.46823973569648586
F119765,0.5312666744986025
F108576,0.46253663890224467
F116957,0.458857970098763
F106267,0.5586586871356397
F118728,0.5078484704823296
F115729,0.42877151467657315
F108338,0.44023664156072473
F106730,0.47900043107635587
F100686,0.3881952084975357
F119228,0.5452757989096392
F114238,0.4963209578463277
F115521,0.4417512599241399
F113826,0.46823377753738565
F119402,0.4650184642247108
F100572,0.4151124710060813
F101927,0.437095293425438
F119949,0.4640446285434352
F105291,0.467824203009293
F116437,0.44413843373042283
F112560,0.4790276837118042
F120251,0.5098500057307306
F116802,0.49280336176589473
F119389,0.4079720452323442
F123820,0.5118578595463819
F115258,0.48793041599005177
F108717,0.5035851971288435
F124873,0.5044217590320788
F114476,0.5268139635559478
F120990,0.4808913666490343
F110280,0.5518229618048774
F118657,0.5377465609483478
F113653,0.42559757525960024
F111032,0.47054928595768414
F113290,0.4971097006427807
F107206,0.4272619088662663
F124491,0.5143415867767116
F119960,0.45891578855715576
F121826,0.4686049655359931
F123661,0.4615069376913199
F108671,0.49549662756588436
F115223,0.442083963449548
F121220,0.539089656153894
F114086,0.4433463829818857
F117521,0.44698644835422047
F118466,0.448097976595719
F116683,0.40953746324619805
F118171,0.4174256435260573
F110166,0.4162853162546813
F112793,0.468449156071024
F113420,0.5274118568632769
F102694,0.45471320891076045
F102964,0.5286884118207708
F123215,0.47353623071836815
F118699,0.4958189547378811
F102270,0.5180479949249003
F104899,0.48948195711535913
F108538,0.5444053697653757
F104794,0.4613401477069092
F122203,0.47952392372146274
F112607,0.5124991383088447
F111541,0.5054896573699262
F113437,0.5001064574487061
F123049,0.49384724514021
F119923,0.48582377203923316
F120368,0.5672133546529589
F118895,0.444198709435128
F105660,0.5389233597100654
F124404,0.4812305821156895
F109421,0.5214971408163287
F104861,0.4222735665442152
F106728,0.5222863165268598
F111376,0.496300912260449
F111401,0.46550272626038325
F100055,0.5077310410231369
F111959,0.37395514279177683
F106361,0.4674673572819809
F120508,0.5059279640864773
F113449,0.43590252496630805
F118005,0.49747768122613906
F122601,0.5049691646646033
F108612,0.47362730484910154
F103755,0.49114774477143136
F121622,0.43024877200547235
F111010,0.5126890786774447
F119381,0.47298411135992685
F122703,0.5222167421383074
F122400,0.5194660120549094
F110796,0.5349801159433488
F113331,0.36446411280564667
F101594,0.5088781321130592
F107465,0.5032161326513555
F115404,0.3978009382549916
F119621,0.4927065266331077
F106096,0.48339595567863053
F104825,0.48413529783185316
F109950,0.4972822723834213
F103011,0.49630934274817123
F124445,0.4398493536974167
F113394,0.5144303774626403
F116310,0.4390764274504864
F109653,0.4434645194703161
F101906,0.4105918034316696
F124258,0.49788772920084745
F124771,0.5502493707901445
F104353,0.42464038299328655
F111615,0.46682420538904473
F122025,0.3769335075462515
F105961,0.4492024784571245
F109044,0.4570084773703568
F111966,0.4630195916102849
F113616,0.46423247226382874
F119714,0.4627416478986525
F123900,0.4424915954853824
F119073,0.5148513451505552
F117729,0.4967651040941292
F124451,0.5180450297528856
F107197,0.4171698579266751
F120751,0.46156879120627736
F122533,0.5177516945116992
F102762,0.5170693454599873
F112275,0.43176302819959655
F122233,0.520875653536184
F117584,0.4498609268638939
F104269,0.5261092330580808
F105982,0.43211658272628667
F103443,0.5049018097677428
F103575,0.46654685364203824
F119326,0.5394025472821555
F112593,0.4292724180035305
F122920,0.4724657692713369
F113150,0.4880741850553665
F119218,0.4863876904251985
F123532,0.4708502886993805
F108517,0.5070142124552374
F103185,0.5454379311874141
F120372,0.47227660493095425
F120711,0.477556355492086
F122751,0.465630591674562
F117148,0.505150977428023
F101382,0.4761787226169046
F101336,0.49890944731195336
F114429,0.549848685721372
F124005,0.5117297247685976
F121138,0.49051571630998475
F109305,0.37170461070681016
F119626,0.5320234408408806
F117122,0.4506346960315612
F111279,0.5355126532918698
F118491,0.4494938650976113
F102456,0.4592299793409724
F110852,0.5152073738840016
F100668,0.5325067983621835
F112299,0.4920290661500974
F102114,0.4921824598857779
F106204,0.4452091642251474
F118897,0.4456749877038399
F116517,0.5020085832463165
F113990,0.5265602266409467
F114506,0.4762358184329163
F111654,0.4468443326906151
F106633,0.5017596405538802
F122762,0.4867266857984949
F100699,0.5431801623022524
F109879,0.4737224391807163
F120356,0.4976803621922638
F118778,0.47201160529723263
F116747,0.4522397435039869
F110375,0.46391102991362504
F123738,0.4096048956278132
F105665,0.4445063536311132
F105816,0.385281049390448
F110774,0.4765496760278792
F116115,0.4841493461601804
F109791,0.5187867316447213
F107067,0.438903870013215
F100460,0.5115375015915725
F102418,0.46726801831210063
F124231,0.4932685299035904
F114886,0.5268743468765763
F106252,0.46512071767085755
F100257,0.5018048316203448
F104943,0.4444681338653515
F121152,0.4630155400477145
F104356,0.49046052308374605
F109046,0.5547591807286796
F107920,0.4042264589219671
F117808,0.539083794530041
F103777,0.5450228131896225
F111618,0.4967291804273871
F115354,0.42498695144762616
F123315,0.4384889651070994
F115553,0.5342357605509933
F116526,0.4593901416464939
F105329,0.4475974216525383
F108922,0.4961033116281389
F100893,0.4128428944806794
F108787,0.497249882793799
F108348,0.49551219001322744
F110392,0.477896095540808
F110074,0.4082344287521493
F111830,0.4805508064883925
F120265,0.477982173665167
F115731,0.4898649754375439
F102463,0.5435079207698869
F105099,0.48567435820355864
F107372,0.4528279518477826
F120004,0.5235505254341033
F123034,0.46875990667597706
F103792,0.4147611641782538
F107862,0.41878992067144805
F101764,0.5370320389916249
F123095,0.41406269633473697
F115157,0.4764698776093267
F105695,0.4808817174368741
F108869,0.4186370435906117
F100805,0.4937730370371531
F106507,0.5042372161375979
F103990,0.43753082107339986
F100408,0.4221234690470923
F123377,0.4506579311191488
F113528,0.47995756755422
F121163,0.4868495811646894
F123739,0.5081132281542312
F108321,0.5425609710690594
F124918,0.5504791942521446
F104700,0.5052255198240243
F101840,0.5072555378180071
F123321,0.43782637894301685
F102877,0.4653575872089319
F107592,0.4941107236503986
F114582,0.46200640250910135
F106039,0.5246870724212837
F112757,0.5032199874064746
F107563,0.437965158351317
F117984,0.529613832431478
F105387,0.4875474189906881
F112488,0.41089371599259356
F106570,0.4914925389018212
F110540,0.41870713600981735
F109644,0.5481004630438252
F100400,0.4702407657438474
F106529,0.41347554002356424
F108678,0.4172615237297182
F104019,0.4397826074006298
F115149,0.3903234261892637
F114767,0.5007224992211596
F103317,0.483281065176356
F120789,0.4738590321788623
F113443,0.475962339542027
F115974,0.49690827373392227
F114782,0.5400727192467433
F119745,0.501433396864439
F116956,0.49890667334098543
F115065,0.4655071387512945
F110714,0.4596034161349434
F117141,0.47788149160947374
F118792,0.5357066920944256
F122720,0.48865162531910666
F113797,0.4486236944153758
F104571,0.5070981546155868
F110673,0.5075568806867289
F123743,0.5023079928423959
F109381,0.4275861708767627
F108237,0.44837597697739523
F118188,0.45307175689051726
F115807,0.4746036497866592
F102869,0.5359656259544855
F110114,0.4864536327044161
F113857,0.5274494842810264
F124597,0.5374791226118044
F114156,0.455871479399493
F113250,0.5001135658529297
F111792,0.4974819408590484
F120739,0.5376576101592224
F124167,0.45169315133228377
F100259,0.49581615712807126
F113089,0.4235670713529713
F108918,0.45922993618580016
F110007,0.4217600042427554
F106111,0.5274549403512373
F110720,0.5446117556079207
F110040,0.5450040922118611
F118599,0.4408282012529297
F102617,0.4228215996542338
F103444,0.513471149142667
F120318,0.49756894769087057
F108864,0.5568321501084778
F110043,0.508123608055746
F106282,0.4887644942795803
F112276,0.39520274760569496
F100776,0.6004862837462719
F104307,0.41969588200141666
F122548,0.43813144354178674
F118663,0.4926278797394618
F114708,0.4759000851782763
F124741,0.5100639960290984
F104456,0.38027664107293263
F122574,0.45732664689716285
F101496,0.5376303414779117
F108394,0.4213892239270559
F116509,0.5064788718586393
F106097,0.4657790089151326
F113324,0.49607083582842004
F118593,0.47794838128827205
F113086,0.4737671283590365
F110808,0.49964061383097186
F100136,0.3726025952544253
F101989,0.5184234147364816
F109684,0.5086669103932262
F103649,0.37103148403382524
F100141,0.47295781782462987
F109178,0.4907113431864779
F109905,0.4401672849257109
F101922,0.4706933453517548
F101696,0.44927638957714316
F115422,0.4736645351893337
F124874,0.4942484895234976
F116487,0.4818840887762354
F119951,0.47931359312500976
F124326,0.4360473288053967
F120829,0.4295531118017724
F119119,0.47221501856487136
F114796,0.5415144688438588
F118840,0.4549923000159494
F124248,0.3921009941917479
F109580,0.48815249017631
F107136,0.4767602481347997
F104787,0.49721326270464683
F115471,0.4689922002762243
F123749,0.4886498760916682
F114393,0.46851386750675933
F107114,0.4982058077870492
F117290,0.4486980189117839
F113147,0.48171624537407554
F109220,0.5047226747462977
F113488,0.48213179142108403
F105614,0.3997072488796275
F117192,0.45406724838332196
F104578,0.5050461351609296
F106195,0.47076488127186944
F122859,0.4894333016672846
F114905,0.43350516432658576
F109680,0.5208310731956045
F109739,0.4553155755757487
F108604,0.4344368229539038
F119926,0.3525099919061715
F110659,0.4672519025166929
F101133,0.4416065317603014
F102359,0.48707747491863995
F115119,0.5462743451966622
F100481,0.4403840917547938
F117859,0.38353470983452886
F111367,0.5229523229273692
F120758,0.5120546223515331
F124992,0.40891327726521254
F114467,0.5302628112841431
F120538,0.5417022156203692
F110162,0.4640650991736813
F119008,0.4517420061898827
F122180,0.48297531067443245
F106379,0.4994325914015259
F110006,0.46807569336700133
F110663,0.43718135660952423
F100436,0.4183302667810867
F112795,0.5243736501867879
F101091,0.5011705912941034
F118900,0.4618579430710239
F101816,0.471152168035364
F112398,0.5127351239544039
F106224,0.4767271951599214
F123501,0.49550597011495134
F103475,0.46707409781562664
F102363,0.47116417196898036
F105358,0.5130513884762142
F104829,0.5300100623449604
F100457,0.4252391782472183
F107272,0.5144437547283848
F102041,0.5164373716337408
F111053,0.532145502761399
F100347,0.5066430224677959
F123204,0.4765446509859965
F108279,0.5551313341594486
F100616,0.4469571276757426
F108313,0.48526981592584045
F123197,0.44423474618449316
F118854,0.5159662533737835
F100132,0.5336448513534315
F112656,0.4364389281154399
F103975,0.4965966635597395
F119818,0.4718794417482982
F121143,0.438278663845293
F107244,0.4415590460772112
F108060,0.5049128982943032
F122894,0.5003833643020762
F111741,0.48696553540059423
F100069,0.5271760222215534
F106307,0.49161638208561625
F115312,0.49935054397845985
F105512,0.41968199070494056
F106320,0.5375340670107054
F113802,0.45493424950197064
F121722,0.4903722877073063
F118239,0.4271786420271702
F111846,0.4731164345775262
F102514,0.576517767921511
F121294,0.4429737031180758
F111037,0.4859460394175764
F115006,0.5279698068390337
F107019,0.4415409395447277
F113761,0.47393287453561617
F111747,0.5049905909003123
F105680,0.4889823052182406
F111048,0.44569809887386364
F124061,0.47875693901072086
F115904,0.4401255385780221
F118516,0.36890152011485206
F123588,0.4038994424080135
F120515,0.5641383890968555
F111559,0.46628446462252343
F106530,0.4926316933837201
F103372,0.5267252811116095
F111819,0.48744756614636725
F121033,0.5070522020718208
F108710,0.5039902656692606
F107884,0.506931185961961
F100319,0.48042537923552536
F105786,0.5432374642330513
F102699,0.46270200966316455
F113881,0.47165712953063316
F117405,0.4594300460839909
F114220,0.4456754152278038
F113586,0.36252763748167804
F106525,0.5125255192112314
F110030,0.44677685393739963
F115547,0.5359725100774729
F118093,0.418538064288812
F118288,0.49877545229082526
F117867,0.45513259908738996
F110432,0.4512547000219301
F106511,0.4251355960520908
F103281,0.5065773540259122
F104923,0.4606681653243998
F111180,0.46008828207923397
F105481,0.46444901657074406
F108121,0.548182007636503
F114918,0.47614948309717126
F109409,0.451196665774316
F116426,0.49460457056014867
F117672,0.5833534506417716
F101721,0.46810525522887936
F109833,0.5873091485397524
F111326,0.4634627297168055
F123753,0.5317706535483196
F113958,0.5099019753516697
F100596,0.5301250797453495
F113235,0.5211094339795402
F114019,0.4224152244820208
F115717,0.5043212643710795
F100113,0.5007318418670685
F103440,0.5053386520819995
F121111,0.47940218579682836
F124067,0.44682845175307523
F113172,0.3652219534236933
F123524,0.5176704533533525
F114516,0.4923643330071693
F101435,0.48648014893906877
F120671,0.47025405704453277
F115009,0.43282781086586114
F106993,0.48676596950539797
F117466,0.44051013505037995
F115617,0.4918307143327389
F105878,0.4256588784925933
F123053,0.4526870080909791
F123785,0.46431833898025926
F114574,0.4226888333003681
F107437,0.3881653878222577
F119096,0.4377792285357763
F104087,0.4677192850008126
F117074,0.3773231415808515
F122044,0.45444019215724824
F100786,0.49002121394786124
F120152,0.43901753458650583
F112490,0.4515356461597955
F119390,0.4998010312650947
F111026,0.4987648674414968
F122510,0.4364319074434622
F109558,0.4100370542858933
F111445,0.44396709636259307
F117942,0.49150662787659094
F104579,0.506849576829337
F103727,0.434591514315757
F106317,0.4438158633401597
F103178,0.5441481880469725
F117328,0.46749906688555193
F107768,0.4602087897466715
F106182,0.44038728545977013
F121044,0.5220821419476058
F102099,0.4490242772564665
F100232,0.4901444215705676
F112679,0.4602307656153287
F102509,0.5089723215889768
F113624,0.48460326682780885
F114772,0.4881859563294841
F110692,0.5291381414326962
F104192,0.5321584310135911
F113629,0.5228496025246968
F102074,0.4983409967103757
F121676,0.45066208113017653
F111755,0.49000847642631207
F114514,0.4861363534905217
F120982,0.48276509327633826
F112752,0.5673981007523757
F120043,0.5040565470427625
F108265,0.45477052684711233
F124681,0.41219813164735625
F108606,0.4677623142361898
F112858,0.5049578423860343
F121092,0.5067371619242851
F101178,0.5077110177629334
F107149,0.4771878864838618
F104620,0.5089203003946674
F108318,0.5213575240268736
F107654,0.4372630477162257
F124896,0.4859859699992826
F116837,0.46171494303691657
F117222,0.49282572829820215
F120007,0.5291445377921371
F102435,0.4820826749042741
F123038,0.5043168577044213
F116970,0.49004362240221194
F113000,0.462430342202362
F108487,0.5273508559612791
F120673,0.4708741163874009
F120239,0.5040253134930852
F117180,0.516080039974266
F122650,0.501723834353043
F106958,0.5037937189629995
F114174,0.3552769027354332
F121865,0.39658419879772144
F117237,0.49812298815555095
F106635,0.5057006893768691
F124182,0.4564584845965425
F120917,0.47987095175767086
F110858,0.4675221579185959
F119426,0.43674482615863996
F110089,0.44803062859882625
F122620,0.44958081553696894
F101935,0.4939990431411955
F104613,0.49615086565005656
F102298,0.48047139938974387
F120586,0.5125125312341388
F100046,0.4431233144480704
F100068,0.442175640153279
F102329,0.4824529772140984
F105785,0.4924511049367785
F112586,0.4648221160172775
F105272,0.35407364349722686
F121977,0.4697512325072219
F120410,0.4469491245524514
F115283,0.5511373046168724
F108848,0.4128590147118898
F115528,0.46464795230216166
F108267,0.47972939790684327
F112105,0.47666530158409354
F101488,0.48109091265808485
F114547,0.493511272652918
F102462,0.5032165033321293
F102570,0.4953235080137028
F101198,0.5003669866216696
F121192,0.38558739251504087
F117306,0.5200991186893023
F117285,0.42043225900605896
F107695,0.41963861934381763
F124003,0.4689805325104495
F123512,0.5138391615231087
F118443,0.48930910293896274
F124277,0.5339125222737658
F112461,0.5162786707355345
F110384,0.4465622280903569
F114740,0.3889041952240123
F113960,0.47021322248649483
F103179,0.4446055846502749
F117723,0.49180039984777224
F120387,0.4573100125515086
F100111,0.5111970804081164
F112568,0.496886420152589
F107646,0.47550041425024975
F106897,0.5006496840439216
F100238,0.4899473384911453
F103622,0.46204139750290674
F111812,0.4487957514741407
F103416,0.5323314523683144
F123299,0.45215695533112615
F107544,0.4535236620013876
F110978,0.4640230899090958
F106090,0.46458243154332973
F108764,0.48958011252646294
F100397,0.48327409930149806
F116463,0.500289159607982
F116126,0.45280264838632106
F120209,0.4098348772598104
F123346,0.46660058684937783
F101739,0.5232707144279998
F108434,0.4671786485706995
F115005,0.5297361662279071
F123862,0.39311960457657147
F124180,0.5100472621532293
F124448,0.4313644044101593
F114337,0.43945762321898585
F103674,0.49027626380589734
F108345,0.47673273255557597
F115688,0.5961810066617247
F110266,0.5014004346688228
F100735,0.4668699954381361
F116776,0.5145658779461291
F117603,0.4811145505873828
F109916,0.3883766448021318
F105859,0.4448847594990008
F120267,0.5613945060202667
F100041,0.4270631250302895
F114112,0.5530109619511484
F122517,0.47751152432207195
F109629,0.4408676391709672
F112903,0.4220603207751165
F108998,0.49473234860401893
F108069,0.37249242403977606
F116501,0.5619883506076191
F105122,0.4895569781670757
F112860,0.43418463705791116
F118610,0.5328709400027525
F105353,0.4103332470292017
F123045,0.4581396088508707
F107278,0.5046538813036658
F100318,0.44863784530043266
F109681,0.47849771331169066
F101889,0.5341844666155866
F100483,0.4258909443516755
F118673,0.4804742701911965
F116600,0.4005777974775227
F116252,0.4630396798579059
F112777,0.4664075995453811
F115402,0.4852455676690939
F113566,0.553688475722382
F119293,0.5100305599349052
F110165,0.4357813702389261
F103713,0.5773964780252677
F105509,0.48143097929713585
F120449,0.4348424257987657
F120972,0.528433221819924
F104940,0.464730506136192
F124352,0.5370162252825768
F119526,0.5126761789668652
F106770,0.45389172809816236
F104770,0.413577922534596
F109952,0.5094548994023411
F116873,0.5537103976783694
F101875,0.5024664410616306
F111046,0.45141378090518697
F117438,0.44193560858538966
F106212,0.5072197735445436
F109351,0.44286817738773165
F110387,0.5331453278388779
F108809,0.4728224168164404
F119580,0.44025651441901875
F114125,0.45834055998303197
F112232,0.51025255118682
F113903,0.5124719717534633
F120591,0.5370976007921214
F114403,0.4732356817065002
F105295,0.48459055714029076
F112464,0.5478303822922593
F117381,0.519778034877095
F110755,0.5058140704329713
F118218,0.5066403178444401
F113302,0.5258054755496955
F106722,0.39778943716757986
F124082,0.4657029276250962
F113021,0.5570565385445034
F102532,0.5025199269418374
F121063,0.5014977055855152
F101080,0.46986973823780814
F104395,0.5282796382961809
F103376,0.44277439629603665
F110041,0.5187081850130969
F111916,0.44225510854191186
F116200,0.4937023010422137
F103431,0.41657465646632547
F118538,0.4189444711202219
F123514,0.5326182840579045
F104533,0.38767624053698724
F103570,0.44592089641745564
F109084,0.4344518427473189
F114609,0.5148392808863118
F108504,0.4524134952318436
F116434,0.4637444222386626
F108227,0.4817709948367126
F100127,0.512959252951462
F101259,0.4400619076366726
F107802,0.4822723863098021
F123662,0.5081049402905309
F123505,0.42396909437167024
F103341,0.49667900006631993
F101878,0.4820177993689766
F122335,0.5330541441858634
F114926,0.48994310112112144
F112749,0.49816382229785483
F120743,0.5471927433908644
F102372,0.42914712808040684
F120013,0.5263663550112115
F102001,0.48044940136858766
F100244,0.4805700152252527
F113693,0.4532855600074935
F115722,0.3733604108905291
F101725,0.4879289834838885
F114785,0.47515333241182633
F124588,0.48056832363047647
F118819,0.5051154945024661
F103671,0.4926443833290765
F111594,0.4918387124545252
F124455,0.46765883947156023
F121918,0.5016072744917851
F122591,0.4841470523979386
F113369,0.4414579914005396
F118722,0.510621212762407
F116016,0.4490849764624804
F113935,0.4528579665745855
F109356,0.4614305180605751
F111987,0.45172610833637966
F110258,0.48887596483724166
F107097,0.4544605677382827
F112730,0.5094590806448748
F103556,0.4109817373684304
F123019,0.47615212245200644
F110793,0.49660190866072734
F103710,0.4762316046524287
F118667,0.456776847949874
F108881,0.5034151099296564
F100493,0.3752518623115328
F103069,0.4418581361567051
F121785,0.4380802033560089
F113336,0.5458962090610424
F114546,0.5096059202287763
F105586,0.3889873120911585
F104295,0.4785417413708025
F102582,0.4898081360093709
F109445,0.4478277437901871
F103267,0.441680053546935
F107720,0.48461335372854014
F120164,0.49530466709395277
F113248,0.5383236103297238
F122136,0.5272185740685555
F107342,0.5178968002343373
F124093,0.491485497753791
F113243,0.5574466757571123
F120506,0.46392206602653113
F102954,0.47479369362449625
F112163,0.4964939689675148
F115510,0.47238003300714854
F118183,0.48613475327460004
F121201,0.46493074899098896
F101329,0.48084000247338277
F100788,0.4326063613520675
F119650,0.4865726399595905
F102550,0.5123775603913804
F107739,0.4772604764334439
F114153,0.37077845606504967
F109546,0.554766760702978
F117778,0.5246955894716894
F103118,0.5309113501710951
F111196,0.4123754751627953
F122656,0.4177541468763684
F115843,0.47125461468640023
F124569,0.4779423051377298
F108409,0.43596140306578324
F124571,0.46706865899697414
F114093,0.42179988014601044
F103005,0.4232281348795203
F110783,0.420438130919547
F110012,0.48318515681996027
F113210,0.44353614717247314
F105146,0.49054064723491886
F105652,0.5432264271549738
F111864,0.5418625680625982
F121625,0.43540962870145117
F108092,0.48543754199736
F119396,0.4628810994102101
F107290,0.49400481363670207
F109707,0.4392950169171061
F103049,0.4935453006826606
F118042,0.528284060346875
F121709,0.47051100157661485
F122875,0.4494993399108753
F115222,0.391012302769122
F124603,0.467377278435097
F115790,0.4189221474304477
F115559,0.4393078591705969
F122931,0.448732878021403
F123003,0.4990035811540738
F120315,0.4892989499170713
F106856,0.49222560253927633
F105944,0.4315264755193315
F119016,0.4688613696566282
F120432,0.4163551957548291
F103390,0.5121742234810689
F123832,0.4289417922956604
F104267,0.4492336395118367
F124155,0.446697155529779
F122499,0.48343835061316637
F112590,0.45720748444233783
F108794,0.4948700246423349
F117884,0.46695714856025267
F101414,0.44185129721725064
F124838,0.4573918609799576
F120618,0.4778139031392464
F114940,0.4586658627000921
F116288,0.44755188056758105
F104706,0.4761828837033687
F119711,0.5103241898102482
F121160,0.4229470026067967
F119881,0.5060174930164405
F110371,0.5396961561693615
F110281,0.5078446638382328
F121284,0.5086448533178488
F114100,0.44711350065694183
F120596,0.41341593337859045
F109962,0.4790169371977104
F102036,0.5126484183442622
F113259,0.47867978669783273
F112953,0.42910624634841293
F118878,0.5023036350604737
F108423,0.4606040663750333
F106936,0.5338589296332674
F100189,0.496378670895028
F123756,0.5456213632626012
F124602,0.5514434766327408
F106319,0.5335605918543382
F110584,0.48421547701191364
F118770,0.4301694258626378
F101006,0.46750040583972585
F107568,0.5281457385981116
F124706,0.4524122418035761
F106804,0.4308756875936742
F117933,0.4676844008562212
F122431,0.4479960462928497
F123497,0.44141578490719097
F113675,0.4170982778708977
F119945,0.4540625356117877
F116032,0.48319060348749954
F121432,0.4377118464690774
F103034,0.4777424259269004
F102413,0.43138513548996016
F123265,0.47049129369465853
F115676,0.4877764527865639
F118594,0.5550198041560549
F124788,0.5024090256442632
F117485,0.4219277714905609
F102109,0.45367800186855206
F105283,0.448218260359766
F105569,0.4617696555446863
F123605,0.5198297122454325
F122857,0.4148338130214754
F118086,0.5240829305891653
F106134,0.43301158576999066
F103631,0.49714669641315745
F112675,0.5241837514054538
F116646,0.5129854199827519
F115298,0.504464280886741
F115971,0.4382956719159208
F120695,0.4186315092944814
F101541,0.44816763534986914
F104516,0.5094403927580379
F124852,0.5472811877763191
F117490,0.5201879937645528
F123294,0.4788787329381674
F116042,0.4880965716132211
F115598,0.513355002412976
F124606,0.505719151243663
F123131,0.49922671760979614
F114418,0.44488281153763465
F102839,0.40877947803265174
F121594,0.4924879951178442
F112979,0.4979030411877114
F122535,0.39015461847959765
F122674,0.449098197610575
F105220,0.46048637187709396
F105256,0.5048599160618594
F122730,0.4865176145417438
F108822,0.46841829025405884
F111793,0.4418102921174088
F123812,0.4759573704556171
F118476,0.41353927354051184
F120551,0.49742947936750614
F121677,0.4721049881022133
F123876,0.4791318647320656
F121835,0.500123690741971
F100352,0.4638283262794818
F107783,0.5118056418295693
F119602,0.5411678370157765
F111614,0.48089921568263866
F112908,0.5025823373664862
F121458,0.4365823496731884
F116574,0.4323538436352225
F122101,0.5345769206106739
F110102,0.46121478054022386
F113364,0.4344354419872085
F119090,0.5152243359846487
F117669,0.4380644834554763
F107548,0.5326905196354395
F111353,0.45724599316223946
F107793,0.49176647094557796
F109456,0.44802548392806774
F119190,0.5258832769570017
F100871,0.4333111000400503
F124789,0.47313342996428603
F122820,0.4805721589744637
F116446,0.5168627083347178
F101547,0.4921603883542033
F121456,0.45655179796518136
F108139,0.5158425435103958
F102688,0.5092970602527138
F100211,0.48879242515307697
F120738,0.46135415664525486
F109492,0.5087757484147077
F105571,0.5182771608202865
F113667,0.46063739682347643
F109585,0.4816608757781516
F114159,0.4857835158712125
F115270,0.5250551492872583
F117514,0.4999114592529999
F114057,0.4310887988852229
F111332,0.4890833203738402
F114967,0.4981477228406123
F122004,0.4134421498564534
F108552,0.3901017303401919
F101761,0.46662694726757425
F119131,0.44212483345770565
F102445,0.5299886778820514
F110385,0.4960444444641781
F123025,0.36911812621298573
F103895,0.5468047781379209
F100394,0.4495602790844352
F123103,0.5057354332985706
F124655,0.5042615680391125
F106034,0.5388200550197956
F109975,0.4582591768053113
F100749,0.5331183764570774
F124485,0.48255398227581175
F121707,0.4486779690880943
F101121,0.5033208006624317
F105246,0.44125222937092107
F102499,0.4974798989709528
F102212,0.47237361543787054
F115575,0.45600031502089133
F113552,0.5024842352620411
F105535,0.5057036605160546
F113396,0.44822044893131746
F101324,0.4889009913492562
F120553,0.5310012331466144
F104704,0.5200990222828229
F121960,0.4350442131615299
F112070,0.49921638680366215
F121825,0.4402195099647022
F121673,0.395263951982834
F103434,0.4561057687190159
F105296,0.42000034045339335
F122516,0.44746069232661534
F100670,0.46896535552229984
F104567,0.4455922176462014
F108055,0.5129454254172178
F106746,0.488865291261031
F100150,0.5204805325565734
F116429,0.3764868799238814
F111914,0.40075724715188416
F101880,0.4779401449642528
F110294,0.5236162105324885
F106303,0.45881689498678685
F122586,0.5073621085195745
F102804,0.4720527848003698
F104494,0.4501347333181101
F117225,0.4769906325153592
F104177,0.503945956232428
F107056,0.4538241197101476
F100299,0.45427252527910933
F112302,0.4228161319762395
F114859,0.4579001531297943
F121982,0.5435994687845556
F116403,0.4596604157130579
F119557,0.5129320835537439
F104582,0.4880263158605838
F102354,0.3958834296281105
F122838,0.5009389216345576
F105431,0.48001045731217923
F123713,0.5253598798226445
F106613,0.4953169635982578
F105958,0.5018766313722174
F101181,0.5069594874949706
F104204,0.49873679704179696
F105710,0.41843304701844175
F107665,0.49236340478667495
F124567,0.4776416736731192
F123109,0.5082733398137005
F103918,0.478816486120005
F124696,0.40686096037836317
F117096,0.5061028866295323
F105187,0.5016302472086208
F122220,0.5249435347764816
F114107,0.4929370638675317
F112136,0.5487649907774536
F118032,0.43434037841455475
F109142,0.4886754589044188
F106222,0.4708102892052863
F106298,0.44029224348345625
F101655,0.5292055170201908
F108665,0.47827413886625075
F104263,0.5101966228698057
F123869,0.5032483848731456
F124312,0.47451445537832315
F120942,0.42652523652471774
F107799,0.49590686151574537
F105173,0.4853400329656093
F119324,0.41260086937026585
F120332,0.5065815168227061
F114902,0.4993643841312493
F105902,0.52633654008207
F101001,0.45736509053894464
F111473,0.4144461394364051
F110267,0.49988485312780356
F102348,0.511240941459094
F118913,0.4335331862278138
F116563,0.4886259369648123
F110458,0.5371013341463554
F110179,0.4491294354644007
F108014,0.5959107158866798
F102159,0.5011493073975589
F118487,0.49441316780336136
F114608,0.523538097815135
F110313,0.47869671754721166
F124704,0.42859284743984166
F102057,0.4781684648014383
F100241,0.38409794295457905
F121196,0.478388013409659
F107331,0.5286908457051887
F116932,0.506551551846182
F113258,0.5026565288339385
F109453,0.4931856935559968
F110831,0.4772570136183584
F116694,0.5467343848372539
F100843,0.48523502553456627
F104817,0.47312054879874893
F103448,0.498686563897699
F109161,0.4786384371690586
F112255,0.46708890592884017
F118347,0.5430848524659108
F108525,0.5634063082945702
F121777,0.5309337347518692
F110202,0.4250066922398705
F122209,0.3829795070733025
F119286,0.5132174257048131
F110827,0.41121721595966165
F105330,0.4327071522867148
F106960,0.4515065516724113
F116733,0.49546634321915667
F114348,0.5076517487432023
F109408,0.45976540979239194
F109497,0.43378860835196686
F105552,0.4154744776537295
F109376,0.4880692380351542
F115208,0.4192686443928449
F103353,0.5098223514092701
F104806,0.4396702624398313
F103276,0.5199414782908537
F117153,0.48665279085513535
F109447,0.4793640440691635
F117572,0.4518323508074824
F120533,0.4813953367899668
F102829,0.4560785525856836
F123721,0.464779460741586
F117607,0.5591937828132725
F121646,0.4696027202252491
F108865,0.4899795424962922
F118222,0.5000734700517921
F116585,0.5019161430126794
F100804,0.43505752028773265
F109867,0.4758688599337418
F104274,0.4503607551631163
F122752,0.4412748158759659
F108635,0.5033634472769241
F115699,0.4793604248468815
F109846,0.4369507018648391
F103151,0.471480614937038
F121216,0.4322208698185677
F100833,0.5311011611716697
F103664,0.4729705807920191
F114986,0.4593451680043869
F106330,0.4377782658521549
F112616,0.43043823292948963
F117516,0.4251567359848628
F103206,0.3785351847622986
F102168,0.41401627441715516
F119550,0.48073358969767943
F117544,0.4825449755554723
F111964,0.4176997182805918
F108758,0.4258178643254951
F122380,0.3854760825535028
F108388,0.4854163053933573
F105221,0.44379302067417153
F112011,0.4939131973982082
F122060,0.4723552218513528
F119625,0.4854082503040153
F116159,0.4618019708218816
F118197,0.43994007583507555
F122855,0.4718434234822158
F103280,0.44086399741826227
F123066,0.5000469179736853
F114489,0.4834773784548511
F113341,0.4889204144634141
F123104,0.5005051108712795
F121913,0.5252401820727097
F116967,0.4989082238492864
F117692,0.47263644393740345
F114449,0.5122738013270013
F114917,0.42344999495194147
F106626,0.49962578006711483
F105752,0.49125887946246793
F110180,0.42191592106099574
F122579,0.46500349092525967
F104771,0.4496706455227395
F122049,0.5549789707327059
F121834,0.4728087354218992
F105643,0.4105132323914445
F103538,0.45542891711988753
F104641,0.4475944851417987
F105709,0.5076230291513404
F103610,0.48448079023342777
F120886,0.4659347560121455
F114229,0.5211386359198107
F124875,0.4383827171462229
F110680,0.549182795118636
F101671,0.44908501463493977
F112428,0.4300053305029332
F102048,0.49851027261843434
F121862,0.5031942989553476
F106191,0.5239977605131071
F104268,0.5379830153646953
F121265,0.42659892284786377
F110088,0.3858538942053832
F116110,0.493522050392223
F124891,0.5016553947615213
F110683,0.5862991948901638
F100801,0.43115622205989373
F104725,0.4499131714448246
F105176,0.4287028507486859
F108128,0.48445076168703266
F120237,0.4412936485098355
F100023,0.4792176061542959
F110705,0.4972101876354638
F115600,0.460998800105981
F124518,0.3968925451899451
F120303,0.42110399281346655
F123287,0.49703888716077954
F120924,0.528574062736126
F109199,0.43209768239236557
F102014,0.5765894642911717
F105763,0.3716604029453654
F105638,0.4580168896626382
F112786,0.5004258556519794
F120516,0.48860679891525166
F107868,0.518993918656855
F115045,0.41281747509870026
F103465,0.48358658059510684
F115988,0.580722408185536
F100205,0.48044063016646626
F113413,0.517292442881388
F113198,0.45307311679536405
F101460,0.470947784511744
F106150,0.5241635769314565
F110552,0.5224551248474144
F114387,0.3484597770368674
F116026,0.44560906575239106
F100626,0.5405323001464728
F123500,0.45622805529447963
F103668,0.47664923239592
F101415,0.5343688710997317
F118214,0.5049505144827472
F116914,0.4287029657357109
F111586,0.44519717164120814
F101520,0.4672811515609902
F113776,0.5091780587021337
F100242,0.4891519136903467
F121541,0.5666227679013739
F114306,0.4931134631254073
F104640,0.48919213185351257
F115144,0.519049230834648
F117476,0.43231229878096894
F119201,0.4443953797248191
F119942,0.371985547215425
F121040,0.4379806636034838
F106973,0.5144047434867939
F118779,0.5191270634849768
F122201,0.4801580685407913
F116886,0.4329704851244072
F102466,0.4647497517320544
F102121,0.4261568969735073
F108853,0.5035615655027639
F117553,0.5156414432669606
F104284,0.5700879894837964
F116616,0.41709704538801323
F117409,0.43440815926972914
F111888,0.4994705269091888
F106624,0.4696655091211139
F120501,0.505690265331505
F101295,0.47268740639901946
F124986,0.41579592735831
F109667,0.4617532084283059
F124245,0.4478870772289917
F102754,0.46494617552205947
F118902,0.45099359834726604
F100537,0.49312647571084095
F114802,0.4930144753352938
F124943,0.5084896258749743
F107886,0.4498660432463983
F122870,0.4171782962591154
F112378,0.445620259263166
F100221,0.48894499550912085
F113208,0.482982317189322
F104351,0.46356735305133884
F115314,0.4126282232285376
F117939,0.4944200844397703
F109436,0.46812039659435234
F116634,0.45165024610838983
F115383,0.4832586812950292
F107327,0.4174866215264745
F108158,0.4876328072971515
F114614,0.49252772224176333
F123110,0.4261074663283262
F108691,0.5625838565998627
F107857,0.49118847948541466
F107919,0.47907982520446957
F115243,0.5101367993914224
F123530,0.5224852598673515
F103297,0.4989061573053632
F108000,0.488249041113251
F100174,0.511020904282634
F110677,0.4950319667681904
F123806,0.5091394068854174
F104614,0.4936819352512031
F106828,0.5126759471920946
F118335,0.5416709416549661
F116127,0.4448207099535903
F106574,0.4853626779562455
F114778,0.494325027413401
F122104,0.5038017614267363
F111475,0.48873649060501695
F104444,0.5202354713125734
F116934,0.5095231150345981
F122685,0.3889781831133694
F106771,0.5236598831091466
F114030,0.49335957839939554
F114040,0.5128934557731414
F123008,0.480281108968957
F117483,0.44981857243182316
F123134,0.5033590687050504
F109641,0.4699219990373607
F100021,0.41939379144798966
F102331,0.4420188476889502
F110192,0.5242134559254831
F112160,0.45891482280613466
F114617,0.4277960377591647
F101262,0.5035873121428812
F102042,0.5151325625198739
F114016,0.52713730092767
F105974,0.44891763525090356
F121644,0.5191963067807915
F115526,0.4530087985010555
F120734,0.48693711600236983
F119489,0.4281580828417744
F108299,0.4904228950292487
F124615,0.44363855797690316
F102652,0.3730038231680296
F117699,0.37969869957396274
F118761,0.44636464212152016
F123637,0.4962144251977693
F108355,0.47950693582171156
F100950,0.4875298388654349
F116741,0.5252591843555956
F112787,0.4107573434984587
F109995,0.4485808712203765
F113120,0.47549486443877526
F106926,0.5209053659708469
F119874,0.5410412403610981
F117045,0.45161325908737765
F107271,0.49745384357385564
F100737,0.4693550358458809
F115949,0.4721905075620679
F100611,0.5190037352637693
F111171,0.5326310361475662
F110406,0.4368789987716239
F117598,0.4341933102029329
F102524,0.45857250471007166
F114340,0.5028768459103997
F106448,0.4492715132779302
F115408,0.5006964477808868
F112179,0.46579429709989373
F121369,0.5052700542475614
F110713,0.5004425447234321
F102955,0.4375151994881354
F105074,0.44278428180547774
F117019,0.43477627640903105
F101572,0.4250725795632546
F117916,0.4001051634840263
F120541,0.5261707483441216
F116099,0.507508087905507
F115933,0.4851208499379781
F104099,0.4427073903314542
F111550,0.5357030870777267
F116738,0.4387484640311555
F114550,0.4387835880102436
F120782,0.5114789675676511
F109113,0.47336026247394847
F123023,0.4439652461825077
F107213,0.5246844991765064
F123540,0.4996436766092124
F113169,0.4677405637663764
F105377,0.4408530930169134
F107084,0.4845677681707525
F103456,0.5468336302314163
F103227,0.45852500047004113
F120513,0.5267112842328222
F100015,0.5073278820253275
F122876,0.4380738060488905
F116229,0.48942798919041786
F119012,0.4569029574469476
F112286,0.5325000741132625
F107104,0.43591816106621956
F101822,0.502963166011137
F109747,0.5065291399016966
F101029,0.40689875352996036
F115060,0.5311217361993427
F117560,0.3980783699461994
F119779,0.3542257371841127
F104595,0.4839214137644091
F114554,0.46850483038102936
F101801,0.4263809609362636
F117575,0.42669362965135016
F112592,0.49556719483060013
F118845,0.4670654183119515
F102220,0.4650430577994025
F124831,0.5007984609285436
F119264,0.37990862373982454
F122355,0.5145510482745431
F108102,0.48013709008052413
F120918,0.4176339818306832
F123443,0.5198039153009915
F106225,0.5183027128274605
F104738,0.4870829489286555
F114417,0.5045802354961383
F121976,0.4376208414213557
F106774,0.5815848944395309
F104638,0.49322653868362054
F119039,0.5253347989787804
F111484,0.5000816594884042
F110971,0.45340836699135945
F117772,0.5307905983220247
F122712,0.5149053380709849
F108402,0.4429172474084822
F100396,0.48822008934264916
F101740,0.46997498375704466
F103705,0.4787401656315818
F111554,0.40416983488901725
F106067,0.4134291017921737
F100543,0.3749542689256225
F113299,0.4932293604266018
F124487,0.5096965442338216
F103540,0.44982036693420213
F104227,0.4192416762888452
F124262,0.45301222183099793
F106168,0.41188169707951877
F121499,0.4746500565967244
F107348,0.4674852294745195
F115613,0.5063291992886353
F100972,0.4325724291562095
F114882,0.432773575626438
F101137,0.4536999511595236
F106247,0.49706963949717703
F113304,0.47984622918909875
F123030,0.45335722036981246
F105610,0.522487895191861
F112978,0.4878941957353787
F116077,0.5537548722428506
F118456,0.40718574114930567
F103194,0.4524370316447455
F115574,0.479320965828293
F112544,0.5034365647311335
F119809,0.43466016047112643
F114611,0.5237961061984454
F108134,0.4659951401997665
F100329,0.4345023385052471
F108247,0.415568909399144
F123227,0.546366060417512
F121253,0.47773017595565853
F104626,0.4508133712246957
F124350,0.470888438352588
F113339,0.5142923799040915
F102915,0.5205199369983574
F114654,0.42818982538855704
F105273,0.39715076336998134
F100033,0.4171225625439947
F102742,0.5252809468581456
F120354,0.443375297239043
F124715,0.5406848950620818
F110031,0.4875096415834805
F107906,0.5117196594321343
F120793,0.5074915011510499
F111450,0.4545036046414784
F118964,0.489677162942403
F114254,0.44267546852320094
F106058,0.4223777840068556
F120668,0.4899232038719281
F120913,0.44208830491401246
F117160,0.4974052374411538
F106648,0.5121285020236174
F116726,0.4630560944044878
F124577,0.4373024292394581
F111525,0.4692777178542968
F112745,0.49493064287633026
F119702,0.3847022463043654
F102116,0.4204635106989817
F108772,0.510509991780093
F107424,0.5473943801563715
F103479,0.49790722977398777
F123149,0.5068472272953038
F111072,0.49526840611626627
F122097,0.47897753463488235
F114087,0.4989441454849356
F104809,0.5103461220611516
F114098,0.4406149934523061
F116880,0.5734904252705678
F100450,0.4878009394128325
F119057,0.5156727067443451
F103666,0.4150526071944912
F120106,0.45662470354100626
F106571,0.44065743275561603
F103970,0.4648476358422808
F123969,0.5231211018627766
F111255,0.49540516009833874
F103344,0.49293180379630586
F119143,0.535383904715642
F116577,0.443233593190078
F114734,0.5051576125828046
F111250,0.48832356128614185
F115135,0.47975216568551887
F117362,0.5123795282172152
F122260,0.4765073214569667
F121277,0.47166565575526165
F114783,0.47557202939814625
F118109,0.4800924343286538
F100387,0.4756875548944405
F116031,0.48338258881090607
F109014,0.4704947202061331
F117456,0.4763754527361926
F113480,0.4695019420146078
F110667,0.4679447911436077
F101209,0.4788712241807122
F117971,0.4661671816465582
F112292,0.4897297008973986
F117732,0.5113901229553701
F120448,0.438886854161838
F119957,0.49746234554997204
F102918,0.48675046605691435
F122528,0.47661430082014167
F106419,0.4952098593877894
F106697,0.4099104822412893
F109567,0.441928544810339
F104619,0.5098223728677324
F102647,0.41830703427148613
F123916,0.5094831683312977
F109131,0.5113558892548918
F108962,0.5349162638424602
F104775,0.5468608468648641
F110756,0.4594570665061477
F113157,0.3564306242122336
F102997,0.48896354056699937
F110631,0.5132094181608693
F115863,0.5267808707018451
F118447,0.4189585259067245
F121168,0.5005168914888839
F111636,0.437322980888696
F117868,0.5330074622415583
F111859,0.47580115929762806
F109735,0.47667478310796246
F105767,0.5339186990497379
F117143,0.5158487826289098
F116763,0.49610863333149463
F106437,0.48154723282717493
F102046,0.49718883136898484
F107609,0.47828185039871535
F110945,0.4825535411225083
F105453,0.500660114967247
F105821,0.5129885015177709
F116964,0.47439277037333416
F119609,0.5180488588162346
F120583,0.3914160306010284
F106125,0.48309990409208187
F123144,0.49011365123602574
F119423,0.5318063243173102
F100607,0.4462814233215016
F116199,0.519703571927703
F101866,0.48089428954203833
F104493,0.45671467922303666
F116889,0.4389702692319121
F109869,0.4374403413379301
F112334,0.49557340790428245
F119889,0.4224233434595314
F122065,0.479099857312409
F100180,0.46191216735219326
F115350,0.4371507983340814
F109477,0.4015160622674074
F107499,0.42282131317117616
F105684,0.507485120463406
F100048,0.4667816115560115
F113232,0.49966124607013246
F108315,0.4770940633231687
F118372,0.47832877948212904
F110926,0.5141725569042178
F118041,0.5001401641019857
F104956,0.4904183817995063
F122913,0.405779792140538
F116989,0.47643336085732496
F111260,0.43407097359423835
F105667,0.3898332976915134
F100714,0.41156641063866334
F122146,0.4664212275349397
F119385,0.46870891588898345
F103670,0.4863430708984592
F111921,0.4134194241866145
F107414,0.42210865457219815
F110289,0.5157685636929875
F104935,0.5212460677260654
F115644,0.4982573997013797
F118561,0.46647792626046924
F100682,0.4289512263141529
F119620,0.45423422251547746
F102396,0.5743222346450809
F100888,0.4198723669053199
F124987,0.4704825637987276
F123840,0.45455561427057556
F120103,0.44891614924063356
F102143,0.49159715223782463
F112685,0.5003164181458734
F101695,0.5008646378872658
F111547,0.44054268815350067
F106878,0.4136749971087325
F105463,0.4685340967466212
F109522,0.41957754469441966
F111452,0.45358689429127386
F111170,0.4408932040130375
F114262,0.4803200088474969
F120833,0.4727998786737041
F102365,0.44323758559333076
F121002,0.41466954266090095
F109692,0.41534863942079775
F105334,0.48445163632843447
F106531,0.4771271072433998
F109518,0.5317185057552655
F120188,0.5172533100571034
F122584,0.5024484531327218
F115206,0.5287318802255971
F107333,0.3482409937450684
F116085,0.5081096204214777
F121053,0.469371705721317
F120289,0.5220288714346745
F102184,0.4721565018241179
F114959,0.47247330830847073
F110254,0.543060400166975
F105043,0.5268804762385934
F119184,0.49410946109764475
F109940,0.4170755034894364
F108876,0.4080059815779197
F122769,0.5234155893624695
F123482,0.4729442882638881
F120725,0.4542209628404324
F106669,0.5119227576647452
F116794,0.5472181721562615
F104178,0.4270969649629319
F105928,0.4717386440393008
F115701,0.4150347990220189
F108235,0.46391891550317976
F116928,0.47541082898764303
F118749,0.497188026181163
F121008,0.47294633951104964
F103694,0.49873727842215326
F114240,0.4768469487521593
F120027,0.506691736016556
F124782,0.4664258060853819
F116378,0.438477199142245
F105209,0.4151285502078881
F112018,0.5089125260242232
F106250,0.5621618428439881
F109953,0.46962213038631934
F101543,0.374262941847254
F121509,0.4986121946424122
F105628,0.4132255610932205
F115546,0.5218743373778633
F100704,0.4716592813381804
F110368,0.5040652877217117
F121528,0.5025379255686031
F101100,0.5384511531247187
F112525,0.475716937383329
F121356,0.508032319557036
F115951,0.4663415753376564
F107795,0.504259309460354
F108817,0.5740052250697771
F111387,0.5088372316516558
F117804,0.455611781876659
F110936,0.49452859403834765
F114004,0.4476677775151121
F107270,0.4296108765832035
F119956,0.5597602579334422
F111828,0.4795462902536098
F107203,0.4151761506312554
F116496,0.4334785147684782
F119361,0.45890084290125166
F115552,0.5751215193585252
F113702,0.5362977973058731
F111225,0.43686904693666295
F116943,0.48157331047466206
F111429,0.513317421718042
F113806,0.441558083740116
F123307,0.46525738698373914
F119728,0.5351670902374682
F103180,0.44042340173887123
F108160,0.520448760125992
F119338,0.48849000948486154
F105024,0.5409146224768724
F100983,0.4496564602110343
F118064,0.39626351843686886
F108152,0.4468985332346452
F102301,0.46423229461181853
F107420,0.45673160673466706
F112453,0.46722508390390405
F121252,0.46536708393816256
F103182,0.49650479549203413
F102746,0.39811465535985224
F110087,0.48292885252343776
F106141,0.4690631583039731
F107022,0.4533532498668955
F103397,0.4908454486666481
F118137,0.48341547972261656
F122022,0.5090691501033048
F116906,0.5815810377519778
F123841,0.4525619282913293
F100930,0.572874086157024
F119076,0.4382903369592862
F120302,0.4777580139178919
F105583,0.5776984325579629
F100630,0.45329989920919844
F108776,0.5126599618300106
F119459,0.4358651916360965
F112620,0.45799751055523313
F108675,0.4367558497860556
F115164,0.4338051571781171
F116255,0.4600255758059491
F108207,0.4960568934544659
F121915,0.5049737240058136
F122673,0.527708019949425
F122512,0.5022971431284377
F105207,0.4848969988394004
F112600,0.41274070449571465
F109251,0.44117530171709013
F124775,0.47601668269440295
F107159,0.4390961297508675
F114438,0.4020550228084566
F116936,0.41094514181042796
F109971,0.4835792617275489
F107529,0.39507906488316913
F105347,0.5183203658643852
F119872,0.4815161091145748
F124963,0.4824846759617342
F101527,0.4969496147536216
F123725,0.44640027356680584
F109802,0.4237908958296433
F105605,0.4425019314818639
F114987,0.4547579113257845
F120330,0.484003491352152
F112090,0.4459588409094998
F106455,0.517670178487308
F111162,0.4539720072353697
F113014,0.48774428549395543
F103680,0.4924061886008088
F115260,0.40976867824051316
F118706,0.47274670381575307
F108389,0.4442278778242638
F108743,0.46608814233600954
F120572,0.5747077368573487
F102141,0.43549890321534557
F102149,0.5085536353460856
F107157,0.4865378897830068
F106026,0.4886532339902336
F122189,0.5541870930585141
F102726,0.5275615282495976
F114612,0.5516914713972777
F104564,0.5087724566143782
F116599,0.4418628607301541
F120026,0.4674022890537422
F114143,0.4404598976063998
F114824,0.48996753415465294
F108145,0.38851379819230286
F118207,0.536269045374401
F120984,0.49818565136046467
F107103,0.42118273250272886
F111360,0.49200277763460815
F109123,0.499062287003858
F103665,0.48214323149905874
F114115,0.508828096418882
F120105,0.5203923520964865
F102511,0.576592996656468
F119174,0.485175381170087
F123222,0.5001536251556761
F102727,0.489010571287041
F106054,0.5890330836683547
F108133,0.5802814580243795
F102594,0.35305653938854065
F102784,0.49455701897810483
F102210,0.5190561145410447
F110644,0.3915954142023261
F108530,0.5244251483127774
F122155,0.4960646827054558
F122742,0.4921082118732856
F124974,0.5589949190702177
F115568,0.43945614797532717
F120682,0.4395660729182563
F116180,0.4478647953509506
F106255,0.45578596262589427
F121255,0.5069148112728288
F111424,0.4161547657663382
F114445,0.45910553706019236
F117142,0.4310761626812554
F119968,0.4518171313109638
F110742,0.5072275608934033
F116012,0.49661189183843674
F109110,0.4187271703033151
F116905,0.5322434091876379
F103635,0.4381967924098665
F101384,0.5174584088321857
F120545,0.5062311816801328
F124205,0.3720209525813967
F116805,0.5079902063994444
F118784,0.4761482943910061
F119155,0.49754543237665955
F118983,0.4489095301711366
F116295,0.49953555686568496
F118537,0.3850001483194427
F123906,0.4838976146395348
F121359,0.537444741491073
F123295,0.4328608746375802
F121403,0.47144498167243815
F105128,0.49743722447936917
F111939,0.4507499214696869
F107201,0.533737213364312
F117098,0.42396231655309885
F124004,0.4970481983471698
F115084,0.5805772272370118
F104987,0.4411064172197573
F124186,0.448066521838769
F124105,0.49209591812744896
F100614,0.4906295083576733
F115920,0.4296098368725599
F107100,0.5058213372476302
F104083,0.523369010466397
F110329,0.4374329104462367
F113009,0.5008213146422786
F116174,0.4771595777449153
F103588,0.5008432896685845
F124689,0.5079422938651763
F104814,0.5146496382421365
F100589,0.5222607428668176
F104918,0.46238646407922784
F119414,0.5086548760990216
F113072,0.507938263292461
F109966,0.43997572710445826
F102358,0.49139205055846696
F114326,0.45922667157607533
F102052,0.4959123001061692
F121229,0.4720459805633743
F115500,0.4265391479481275
F117940,0.49005636680450504
F100940,0.5055141415005537
F105314,0.44013106381706113
F105479,0.563732356204793
F115016,0.38869792472072917
F114400,0.5292319246585035
F118291,0.48204182533486806
F112755,0.44717199695992854
F113345,0.434233059277224
F111589,0.47229775844627747
F112817,0.5141258206838504
F115899,0.4065604147642799
F122372,0.47172558041724433
F107231,0.43420144097797525
F121736,0.42046217285084136
F103552,0.5194126129444931
F102797,0.4520756866391813
F107172,0.5232019263774769
F121740,0.4581467503023753
F113209,0.5350278012500904
F120175,0.5041074710410617
F114435,0.5586827776108738
F122370,0.4285582320403172
F116097,0.4893672412403293
F101462,0.5381225648750988
F114465,0.4383146884009713
F107880,0.5129455807629462
F101812,0.4684462583491164
F114561,0.4078737122953581
F107367,0.5168685735787142
F115881,0.5084474317129108
F118184,0.5383256611298098
F118435,0.5229463291023347
F102307,0.49650354473074426
F110456,0.5369937325560651
F114310,0.4368286901132292
F104179,0.44227313015965286
F103967,0.4847864434772788
F104053,0.44246809922492886
F102255,0.4650959276139289
F108364,0.45994545349748817
F109601,0.44706074218945996
F121027,0.506795907964969
F117743,0.4754155113495786
F112974,0.4786370900985713
F102817,0.47605859739681955
F110737,0.5788858526993612
F118258,0.3997764959645403
F116592,0.4685971483429225
F104465,0.44524053360160937
F104411,0.47304161736133665
F113596,0.4393163026681805
F105423,0.437491445673697
F110800,0.5385843946521578
F111584,0.4971928637803768
F110762,0.5099756833699568
F102313,0.36133235928608093
F102883,0.4640440000209
F118260,0.5398348352153536
F105371,0.43732469534303825
F112383,0.4511899451934315
F111663,0.4913489603592887
F105549,0.49743372883561876
F102976,0.48814086279978436
F122624,0.496481971849095
F108589,0.5308568809815418
F120051,0.4440368261559559
F121364,0.4413984458792544
F119616,0.44259170852178736
F110951,0.46540677306774625
F113261,0.4998375484683454
F111331,0.4540262234521012
F124854,0.577969735117419
F101161,0.5177417673822026
F113519,0.492700822222312
F119417,0.4798689193534791
F106192,0.42873419589029954
F124302,0.562883389371563
F112169,0.5228731909544594
F118414,0.42914834255848155
F123504,0.4596660319614924
F115492,0.5377784170745831
F110027,0.3835853651032722
F122387,0.5576717875239102
F102191,0.3844710818084406
F111469,0.5087192680749026
F107154,0.4628814354456249
F113256,0.4435808205036776
F109932,0.44743922695427985
F113897,0.4927752025750531
F110652,0.4561875369500809
F100218,0.49091496078319363
F105126,0.5290051747323657
F124361,0.4914956197963642
F111427,0.45882822063788464
F109730,0.5062408961919236
F119762,0.5511167863242331
F106408,0.5081931611955409
F103626,0.44209224486212295
F119134,0.4845771078498298
F110594,0.5160924313215527
F116242,0.49290330660586595
F121193,0.47425440693633464
F118548,0.43281948833962736
F105835,0.52121803421395
F105554,0.5116567801414624
F109858,0.4707486138891173
F116096,0.48199324214165984
F105882,0.48576831955237265
F110250,0.533799899499553
F103660,0.4647163328688162
F113137,0.4858870864844212
F116179,0.5644085704529413
F123870,0.43359061282921035
F102689,0.5029650694533607
F103467,0.4709835436845366
F110717,0.49986635890700465
F112042,0.45662419861040904
F123857,0.5063363809403411
F103893,0.5524980963387246
F116119,0.5141525685997439
F109816,0.49116808633011044
F108243,0.4643021143755207
F119586,0.4370740171972697
F108493,0.4529262795177648
F102503,0.5047561131339664
F101400,0.5122709949994088
F113180,0.4745241550451304
F110497,0.48965378037987656
F121430,0.5231612093123301
F110788,0.42309223190819506
F107997,0.4479203831285713
F121538,0.48622482561610164
F103869,0.4403064755354632
F107074,0.44987153679503483
F111782,0.5317882268082116
F100715,0.3578505827310882
F118689,0.44623611473035185
F116342,0.4341170921916572
F102560,0.5353777940114735
F112439,0.5545448441974229
F100383,0.44067910178643244
F109612,0.5346433376326354
F123239,0.4847092569917472
F103939,0.42928027194741264
F104109,0.4783604868492374
F121393,0.4651591111620735
F112802,0.5019305650666032
F109757,0.40858363477688114
F106243,0.41964844549211805
F114576,0.5307420014379511
F120764,0.4539111801878218
F108968,0.41482898731809564
F122636,0.49021857044826295
F122776,0.5032734733948814
F106149,0.517747688899509
F102986,0.5041541125033981
F109255,0.42692746508155394
