record_id,flood_risk_score
F104559,0.454135915062291
F100765,0.44583707494421165
F107573,0.49389086862262577
F110345,0.5650218330810066
F118850,0.4951900154997039
F118228,0.5004122875902238
F107230,0.47238929466464274
F118529,0.38956695486175386
F100418,0.4843174535448409
F104883,0.5198193546069523
F111040,0.525336033837891
F108454,0.46698358217298586
F110834,0.5526996684033738
F100969,0.4481431682697048
F109368,0.5041214795892872
F102545,0.33934729887787457
F122488,0.4227787681223494
F103894,0.49338952788875423
F105408,0.4594244135344987
F112579,0.5223258764202822
F103663,0.49273441789401407
F120363,0.4384136054534786
F124722,0.4541278169691567
F116480,0.5084729114069242
F114951,0.48091812888401275
F100738,0.4522195069407987
F110536,0.49700642875802825
F122026,0.5233558645954073
F105117,0.49565140328853474
F108958,0.5426000291396307
F116660,0.3837608000027971
F114422,0.4375099436784941
F120962,0.4759020847063391
F111174,0.4837163432582595
F113429,0.55233329517774
F124188,0.5189020566322855
F117761,0.442474685404199
F118236,0.44873464684080633
F107714,0.3996725499818081
F118833,0.5506309391120487
F100761,0.4182481775746163
F120268,0.5701596066038843
F109138,0.4781753313494128
F124412,0.4724703136381371
F120691,0.5091421359360273
F124661,0.5187257589452712
F108890,0.47422007230989294
F121417,0.4599910416877615
F118138,0.472852029772754
F121512,0.4911319736135259
F108954,0.5293517642649377
F113146,0.4735521113861042
F105087,0.5439330198032031
F121469,0.5307875457458413
F102542,0.47042153574688916
F100209,0.6164074514743991
F124632,0.3939321365054642
F107038,0.4774420963871414
F100938,0.5337580285922805
F107925,0.4799131259668661
F105361,0.4820839482580226
F105697,0.5241434786503942
F115744,0.4589109965258201
F107426,0.4505158347235108
F124172,0.4917659733209754
F104946,0.5020290287399451
F102095,0.4953010434859687
F123356,0.40970259765516
F102650,0.4557229077936873
F106539,0.448773999528187
F112891,0.45260028551196896
F108289,0.4827051654909421
F115077,0.40569697105047053
F122323,0.4507254239900036
F107204,0.5115283956993499
F113309,0.47756052008649763
F105741,0.5399435365413121
F113925,0.5389542354768249
F103318,0.49871828151132824
F105950,0.45850019890081906
F119672,0.4470133860726403
F109242,0.566799329247323
F122020,0.44238278288179733
F111466,0.4417867908405685
F119578,0.5420236071075386
F104122,0.5530158263545002
F117075,0.5475226496375316
F119337,0.4941570209875784
F104315,0.47479583047441476
F115990,0.49109143337499717
F121530,0.44122027807374575
F107744,0.4698390066479248
F121368,0.5057224585123709
F104624,0.4325814509964311
F104063,0.5131210083234374
F104344,0.5034857768407803
F118253,0.5189728391218416
F103315,0.4296023888207334
F119431,0.5464173421424388
F112167,0.5118069093705349
F116395,0.5075868020125778
F107209,0.36217880361944677
F106831,0.489599736262301
F110362,0.5247419281645043
F123715,0.47156545088563573
F114686,0.48029959510014897
F100236,0.41159831501462396
F105475,0.5039800152234521
F119724,0.5006013012281376
F121653,0.4949722463989483
F110182,0.42767122278443426
F124466,0.487831818194998
F109994,0.5398873212070221
F101098,0.4436845157959976
F110819,0.4804525653991588
F124937,0.3816589350596175
F105167,0.5406582424241637
F109738,0.5252502570749065
F117504,0.5074722300124819
F123201,0.5441826632923293
F104276,0.5130194386442744
F106674,0.464561539310944
F102033,0.5836332449634718
F114776,0.44054543487414743
F106675,0.5344782686759318
F107195,0.5219039929895296
F115966,0.4436274664048925
F110078,0.4825153583408066
F101644,0.5627430208497435
F100635,0.4383308030162737
F106895,0.4817397775076655
F115420,0.5019459870207892
F122657,0.5026670944100737
F121159,0.4161238340913453
F106498,0.5464224918605687
F123880,0.3918936299503699
F121738,0.494873697946857
F103530,0.5876929926686842
F118037,0.4302144287443807
F121887,0.5746728743339555
F117474,0.4652267128976493
F108838,0.5453557382648904
F110850,0.45182030430229503
F108920,0.4740088577589331
F116417,0.4891797454927863
F123163,0.44921918388618476
F114455,0.41502749412510315
F101247,0.5290449544762433
F104992,0.45546821941626014
F118511,0.39761466549857544
F114644,0.47084652426837337
F102251,0.4912026395229706
F109818,0.418690334808839
F111847,0.4557771247400375
F104955,0.4239257486396611
F119652,0.525906574950921
F122133,0.41131643161124654
F104993,0.4410948713191839
F113510,0.4788468593564835
F123557,0.4893601959074566
F113962,0.38023699146286427
F105947,0.47056286505575495
F106911,0.5036160948674655
F100652,0.44805470428407856
F109685,0.45994246578074793
F116475,0.5001711180368308
F104565,0.48278052924913806
F124062,0.4420006827646905
F115932,0.3874201871074635
F109613,0.5222996084550877
F102386,0.5313378829329909
F113483,0.41521067265668626
F117088,0.4785881888028345
F101277,0.5018863749495144
F124674,0.45721021345950824
F118679,0.4971736230150978
F100697,0.4761451860836897
F107785,0.4648116256365057
F109642,0.46425093699938613
F119574,0.435059204335161
F114841,0.534347906146637
F112762,0.5621926702059654
F123792,0.3521638723173075
F107168,0.5345240904984692
F120641,0.5674886314988459
F108273,0.44479609949749355
F124407,0.5058500111650277
F114604,0.5175436701116853
F102970,0.4915232357702646
F122148,0.40929151914976913
F108010,0.505325199201373
F117610,0.49831688930269535
F100140,0.46142413440561125
F113938,0.40165925331145624
F121084,0.47142922421774913
F101060,0.5045614383509485
F108562,0.5033677424666594
F110164,0.4398798925579981
F110472,0.480291523173209
F114543,0.43951406021396344
F122852,0.5047442159462288
F123987,0.5315049932835673
F106836,0.44212852237273087
F101754,0.3614644959716834
F113931,0.5017036705130419
F124553,0.45395493742148296
F102295,0.4869870467025217
F112168,0.41454000828000553
F119601,0.4432375310845402
F114744,0.4953248073759663
F102112,0.4202289498640447
F113311,0.506035925454181
F101833,0.4092720186960415
F103038,0.40741903344020114
F120560,0.4060196748666666
F112035,0.39578203653673794
F111041,0.4219182157170198
F106820,0.4156080166102505
F122282,0.5759949614360773
F122812,0.3846157588377682
F121959,0.48636792039323784
F111241,0.4821903341841297
F115679,0.550898258521485
F100487,0.4491061322128647
F110726,0.4910067218530014
F117027,0.4438278748971597
F111810,0.43991487421276043
F112058,0.48212678070324066
F112471,0.469091591650727
F103296,0.5119401281466751
F115646,0.48217201668043863
F103349,0.44720922488322606
F122192,0.4885228084863652
F107979,0.47534652275679967
F124864,0.44842089623157855
F122862,0.4507620784902569
F118545,0.45757155100503855
F123305,0.474849815376141
F110767,0.4711372121500501
F103752,0.42828745484936565
F121115,0.4390204378353708
F109639,0.5392398513185386
F101751,0.47782735538323584
F114586,0.5002650568526201
F112250,0.4493780795899288
F108536,0.47286084484475543
F116656,0.4682883379704773
F121706,0.43093587372811115
F118536,0.5267218859670308
F105191,0.5280920172001533
F104561,0.4787962564713615
F101998,0.558384821576722
F115774,0.4068565012480778
F115983,0.510191784820077
F123259,0.4824092927037017
F100753,0.5491843654556463
F123982,0.4354814042520111
F116710,0.5618303526673656
F102019,0.5215132826850615
F123612,0.503946063304388
F115548,0.432585642533987
F114793,0.5464154310940506
F101753,0.5962947496426425
F104066,0.5671720011461079
F107166,0.461470410390014
F104321,0.36563233247522264
F105839,0.5314897666602929
F118851,0.5291333765380306
F109929,0.4129212062173036
F118079,0.5383940470595312
F106387,0.455501595821953
F117429,0.40889519450229206
F112211,0.40896777526254335
F101550,0.49129640750506787
F121466,0.4816671525041807
F107148,0.5569735525249061
F118450,0.37318853512836225
F111865,0.541571321946877
F110969,0.4592625118557837
F109782,0.45975439854356376
F111408,0.39129186629866397
F108063,0.5052206776081505
F120971,0.5402820724172983
F123231,0.5145901977469154
F122302,0.5267229033139378
F121337,0.447774393675999
F119311,0.40011312379471287
F124628,0.4862107260815406
F113156,0.5168883987109012
F122818,0.4758567582839378
F116061,0.4588671897190286
F114676,0.45665791062084937
F105188,0.5331707192860906
F109111,0.47062166807521966
F108985,0.4514816621515194
F118123,0.45058749759309036
F116826,0.5083266238105337
F111800,0.550624274240697
F110853,0.4487529145895064
F110615,0.5080765204515509
F107116,0.4671754609057388
F121710,0.41584433294792345
F100340,0.48184409326307354
F101311,0.48624655085288504
F106219,0.430163717339923
F114711,0.5232880725938065
F102516,0.6012788180015185
F124145,0.4645179108708274
F110628,0.5201412971510744
F104011,0.5660039510154926
F105525,0.487383403367864
F120431,0.40681292378796474
F109437,0.527721224990578
F120177,0.43167059374051464
F112433,0.5042276269250221
F100873,0.5300639214193699
F123892,0.4236048133523337
F100488,0.4546830435862506
F123556,0.46314933504398514
F107354,0.5593053096826935
F123503,0.5567529222185889
F119966,0.4244920013991973
F117678,0.4796682338676712
F121895,0.5991523290110127
F122053,0.46660361835785924
F112917,0.46632428048400787
F106363,0.5214549809197135
F102370,0.37983048049270135
F117001,0.4690257197370392
F101693,0.45842996029623717
F105339,0.470493776069407
F107942,0.37052791340123237
F101824,0.3702877791299567
F106272,0.46561255452405936
F124074,0.4467184297945534
F106358,0.42276324233233176
F119832,0.3973842847284931
F110240,0.46150074824353304
F119296,0.5206801451535419
F109476,0.4108804512965686
F107789,0.5716007759537305
F100736,0.4683067940534831
F116588,0.4510123079508529
F122290,0.5058155532994959
F101154,0.49482858718315625
F102389,0.5059402790405299
F117811,0.41898397681061206
F111868,0.5725535683469878
F101781,0.5293538255890364
F116332,0.4558750764328343
F111610,0.5006673448167398
F122095,0.5203274014792092
F109282,0.47951115968800306
F105010,0.511321502105951
F119399,0.5109413126940969
F101522,0.4752385157115785
F119679,0.45060770925842486
F122804,0.5737374174643333
F108115,0.47435563118928026
F119513,0.5825113350409835
F115012,0.4915438120828487
F106658,0.5064504053103703
F119250,0.4188745155126033
F118688,0.5560193751404889
F117432,0.4647754243203843
F114870,0.4400873683554827
F103602,0.42691126774793753
F101598,0.4865338996804409
F109441,0.48499285366685496
F124954,0.5061038989196021
F115780,0.38324184483624835
F122592,0.4761943045149125
F109049,0.41446469386414153
F114002,0.5282176174877398
F114251,0.42646481822619864
F117006,0.5091619324357406
F115034,0.5073770894554885
F104720,0.45509131403604586
F109984,0.5635022904158329
F119430,0.5116472703743384
F105198,0.5400768651205565
F103837,0.45418905123731623
F114551,0.4502424455324263
F103104,0.4004634424644735
F120376,0.4402840106958481
F104851,0.5181009620805835
F120183,0.5024094760349757
F124885,0.5099192176499776
F102201,0.44820075643470725
F119491,0.5110454364186863
F104606,0.46782135176852024
F116372,0.47755199095588596
F119040,0.5541911285390262
F101915,0.5240556229161386
F109175,0.49770725574829944
F115685,0.4457849675917869
F111428,0.43118393458249427
F103111,0.4984473646226706
F110873,0.4063729346977287
F107633,0.47674329864980625
F107787,0.4849981465700487
F117530,0.49789281709343736
F111396,0.554142597188225
F100767,0.5575963674879969
F123768,0.5058130154932494
F119595,0.5040530966330639
F120457,0.514116812955045
F100411,0.45238387364893534
F124692,0.49979132996917425
F121841,0.48950253877074634
F120055,0.3939446943446838
F109741,0.48092244093733105
F116870,0.47890297043115126
F105897,0.5011479195746357
F111705,0.5067259175049548
F111019,0.4945511316606165
F112687,0.4384611268049764
F120794,0.4599567106545478
F108983,0.4931553158037192
F104288,0.3910822706068934
F104780,0.537051494005044
F111451,0.5368171736262326
F101955,0.5182366454065379
F108150,0.5381735816904316
F116150,0.4721633863343442
F100183,0.5479718955932905
F117639,0.52752703041517
F121714,0.4952704304270479
F120937,0.5021742685332025
F113890,0.3877524982554141
F108932,0.49058161194701266
F122822,0.5052417978535495
F109135,0.521572714302061
F100552,0.5086240811879594
F101261,0.5459121342316047
F100114,0.49545648348956317
F117108,0.4581709111529261
F123679,0.4619037390573939
F111243,0.439522063790859
F113133,0.5584148781458027
F104645,0.459523182059001
F105874,0.5391339812500676
F119181,0.4513338632362415
F101394,0.41080977446791533
F124488,0.41878549441678947
F116999,0.5729481019859022
F116068,0.5263187623199321
F118719,0.42258128116079074
F120589,0.5849603211515199
F116146,0.4970880667693779
F119080,0.5003902041301576
F122698,0.509255066837987
F121018,0.44376194488482446
F123107,0.5701108627338478
F122501,0.45304654266140487
F102275,0.5448914534142053
F108923,0.4100406393960421
F108770,0.5709865974825328
F118911,0.5203105368965979
F118847,0.4419150076982232
F107313,0.4986148102201704
F100472,0.4594965620612208
F101105,0.4902419367334382
F119002,0.44089722559945754
F122076,0.5500233539673871
F107518,0.5586270957999631
F101013,0.48059332018709877
F114054,0.39466688120799354
F111988,0.5826536383095673
F105303,0.5659901299873373
F118549,0.4617703281561568
F115072,0.4981044329711638
F103483,0.5065925926827647
F108248,0.3727156576934063
F107192,0.47987772950048824
F104489,0.47439702415427465
F115885,0.45728718272728053
F123246,0.5470887000229592
F124020,0.48753728150350717
F106433,0.38079935504782936
F108155,0.44226997911031357
F104023,0.493414898318704
F105426,0.3913410262224231
F106140,0.5335154630637277
F120579,0.5250808038973602
F109403,0.5113952404598949
F103161,0.44237606968659665
F120903,0.4654216631696275
F114267,0.40702391428825324
F114603,0.45185613790587076
F101173,0.5408323806263617
F118312,0.44384804624208285
F112957,0.5317385661961516
F108174,0.4881858308759631
F107679,0.49188475034101675
F106552,0.4897869089195146
F123409,0.5289741154624018
F124647,0.517076377540562
F116742,0.39787070551382686
F117931,0.4977614309644267
F116665,0.4523922121387426
F115205,0.4909380534688521
F100312,0.4278104619465485
F116986,0.5054219172095709
F111842,0.4786075921204521
F124289,0.49036999802791503
F123926,0.5702221661433917
F121069,0.40155128546078456
F122330,0.4223497340814484
F102060,0.49524982983288435
F120022,0.47259495766101145
F120754,0.4965239320007444
F100793,0.36093502813422973
F103998,0.44643439694431786
F118846,0.4884008215092116
F110851,0.46719634301438473
F121612,0.47184549845767354
F118155,0.5037180336119933
F108002,0.47205033306113586
F122670,0.5021388187447007
F124458,0.453721768428475
F103392,0.5125352932271128
F114535,0.46515905318737194
F116547,0.5385643691031801
F102145,0.34666468683486706
F105687,0.4552994145509399
F109473,0.5558871436401835
F121006,0.4867655668685924
F112627,0.6045435097794067
F113522,0.39222545732242586
F118369,0.5096446881198419
F106945,0.5681134742040548
F102604,0.4614999167101733
F100080,0.4715771249606605
F111323,0.37271209599624056
F117613,0.45882923712625157
F110569,0.5030703585549694
F104756,0.3698317202950655
F118393,0.5279359330056543
F114181,0.46001681813382467
F124170,0.5123858168332609
F101428,0.4573472746270191
F111588,0.3732088966348185
F117567,0.5387120067057027
F105661,0.38857980016061355
F124355,0.5436541483840134
F114965,0.47850933643178306
F120057,0.4727580999349571
F122212,0.41634259701401577
F116977,0.5324531363515947
F112559,0.40438367657921115
F105212,0.4580173915935468
F100954,0.5372331682270506
F121941,0.4662614693070313
F115462,0.5019298445932121
F116974,0.4634755089378423
F106977,0.4957994447073696
F113158,0.44303322385899174
F104864,0.47693825759852826
F105837,0.4326984343610346
F114309,0.5029919256360049
F114564,0.44110031237356473
F106157,0.5581179162774716
F105206,0.5105835734315034
F107052,0.4592019940957819
F107894,0.5276554284880342
F120568,0.5240105818160858
F119555,0.4798594470194951
F110716,0.44185221776998784
F112055,0.43634789497061344
F120856,0.4913596600377089
F109446,0.5439973419642987
F105342,0.44401996974328317
F112668,0.47423727383607883
F107650,0.4027997885046346
F111844,0.4057307703697316
F115697,0.45926789988376104
F112253,0.43026085029882477
F106643,0.49379683268327634
F116282,0.45758801283395245
F106165,0.45074667704255245
F120271,0.4665112121588211
F123729,0.5179337785792755
F100377,0.4058842710166276
F108642,0.36673964106092133
F112115,0.4177940426778357
F102438,0.4077342145851607
F116606,0.4096443984199635
F118051,0.3832509651777821
F101272,0.442091970188942
F122322,0.5150286871140399
F108021,0.43709242348414035
F109367,0.5044437500880592
F122111,0.5316696206517264
F112812,0.42122884503488645
F100908,0.4832221729624726
F113094,0.47004223228471487
F100501,0.4725436027513834
F118716,0.49280262839139866
F124793,0.512997291442745
F107085,0.5013555305004282
F107738,0.43849303097670467
F110914,0.4875003872665058
F117788,0.4211706207680108
F118159,0.4375531053170507
F108667,0.5157934329593681
F108071,0.4550290700908535
F103657,0.4695896551295251
F119748,0.5791644638099571
F101308,0.44199424266292087
F116569,0.4694470049917787
F100038,0.4760032440849271
F112205,0.5635930306297661
F103240,0.4474089146677951
F113950,0.42285607588815516
F100517,0.45889663011268256
F118227,0.41570649360422773
F106284,0.41936057831668283
F107250,0.48797894196395986
F108987,0.4951328051983819
F115171,0.5651046849606893
F105144,0.4312627973594665
F106889,0.5136996737279875
F108820,0.5256627629844126
F117312,0.5128267496479793
F106690,0.48014593109421566
F109425,0.5048048111089307
F106041,0.5151981568129129
F112476,0.4711562539977525
F117231,0.45850825541782414
F105013,0.3990212945322979
F103834,0.3522559968781509
F122912,0.4519719241247124
F124120,0.5003817171823708
F116850,0.466443766281294
F116021,0.47767523368777776
F102974,0.47799078472836076
F119415,0.42007970226600955
F106844,0.472904557433092
F112212,0.46887651472599157
F105832,0.37582036789574114
F121947,0.4058639147960281
F101841,0.4287777095318598
F115295,0.5529259698675354
F102786,0.45154104026607167
F108739,0.4969642092505321
F124052,0.5025665136157617
F112033,0.506088611042107
F109200,0.5036955313113594
F101307,0.48040001987396996
F116142,0.5157193103057889
F116923,0.37405028523132705
F112328,0.48418463825507785
F109744,0.5011313024725035
F112901,0.5043398103819277
F100297,0.4385894226231888
F106331,0.5492678105860603
F108745,0.5124284532377297
F118987,0.5038361109281466
F109362,0.4845694572046201
F110804,0.39098909551928984
F107474,0.5179248632413418
F114558,0.41422207464714844
F116890,0.4456660765797338
F113360,0.5141785647941128
F115612,0.489389357195096
F110049,0.4651101440264821
F108747,0.4771978444924976
F105182,0.4732334613568622
F104033,0.49355618847472804
F111015,0.5256168956003052
F115764,0.44901082774155887
F111029,0.4646101084446823
F115056,0.43254957811148087
F109302,0.46022558965197213
F122737,0.5054626997056126
F100416,0.4668110011760678
F108765,0.46530712386324424
F100382,0.4638989189909555
F119964,0.47021196976000945
F118924,0.4255152271252761
F119687,0.4321765358647158
F121773,0.45079771707077465
F103119,0.4836897437938844
F124159,0.4853826774915083
F113540,0.5033907872468006
F119690,0.4269849561442149
F124124,0.3803132481504627
F106874,0.5422391767989394
F124254,0.40708776583481554
F117206,0.44544272733799073
F116103,0.47590501882812464
F122415,0.5210027182150092
F114830,0.4227711164886102
F100470,0.4777932081578645
F119810,0.5241923553402403
F107705,0.5189573619327156
F122443,0.6031617979915213
F101447,0.4920040472886542
F110636,0.4233831404346857
F118571,0.3768227168973691
F124080,0.46573038253229704
F109930,0.3711378452915284
F108900,0.5459195661939444
F116182,0.5059127870050444
F107775,0.42575359306097726
F109914,0.39135827628847397
F107440,0.4643280720137978
F111821,0.4955141335703226
F116376,0.49939734527631063
F116093,0.39576959549683494
F114477,0.48588765371404397
F107480,0.48403197603383474
F111851,0.5050159820916973
F111086,0.4784620995025127
F123115,0.4165806531944911
F108151,0.5168503736466559
F105727,0.5074795731508932
F121308,0.5580375201115246
F111963,0.4698697207155371
F120189,0.48980472170417777
F124354,0.45621755576459205
F106821,0.4726721842326834
F104285,0.4827606841432769
F119069,0.4439625164730052
F105983,0.45396422227678823
F100970,0.4753898578590444
F112515,0.43383082320290767
F116847,0.44984660008409894
F102872,0.4984961568868431
F120378,0.5292191800909993
F116531,0.42506724667942375
F109448,0.5816321871149311
F116394,0.46170171855330855
F104949,0.4685851104095057
F104022,0.45064557169031755
F109661,0.5023030190221154
F101127,0.48464976017803707
F105458,0.5092691696666448
F111359,0.5052488524559989
F104832,0.4907177301175777
F124194,0.43158226570716274
F105827,0.4759683200278767
F107425,0.5041099373599576
F102306,0.49808712361205687
F119913,0.405911875967116
F101672,0.507687223175487
F103056,0.5230922260856644
F104382,0.43662673918698447
F118968,0.6105225193841096
F124767,0.4916753038675631
F109725,0.38092923471279044
F102929,0.46190816220524666
F106360,0.45672274697961723
F115541,0.5364349597421094
F123884,0.47731927682999586
F113152,0.49526218928950283
F107913,0.4105009523020604
F109226,0.525832151502605
F105023,0.515637321577386
F102322,0.4756722128106111
F103788,0.4744768337382801
F107396,0.5369358321993545
F115281,0.4872954574192757
F100273,0.486041401527603
F107970,0.4166385257577775
F120773,0.5035968800986202
F112894,0.5537837114317548
F104441,0.38135440857995284
F111676,0.5047905717277577
F113899,0.4453865392016483
F124975,0.4614498774710881
F109944,0.5768320910265143
F118346,0.4989778778050039
F121350,0.4736873401074463
F107638,0.4091952855810732
F121517,0.5080893056312294
F116362,0.5611663593846725
F102513,0.5100242073859578
F119158,0.4599790256524292
F119159,0.4629495924913005
F104153,0.33253637401673597
F101120,0.5129901419101616
F113681,0.5095089398089012
F121532,0.4227914495844898
F103335,0.5552973326309689
F101237,0.5586947329850838
F122458,0.44565045091465194
F120053,0.39081194072639136
F101349,0.4251942840799373
F108195,0.49255303539244966
F106115,0.47871932135500583
F101981,0.5009505767177549
F102653,0.44521338482246475
F111226,0.4358490068578388
F114911,0.5234650370531304
F104370,0.5148727807316089
F103728,0.47099969235621464
F109989,0.5489577664654233
F109136,0.44561717780911914
F109377,0.37636667454758554
F116367,0.49642441548520033
F121974,0.5174085527623951
F122473,0.4883378569002662
F106614,0.5114435052232014
F101124,0.45818340337326535
F115128,0.5269687621658885
F102816,0.5236229907179988
F103041,0.4551610022368545
F116138,0.4397683125305821
F117373,0.4417264775567424
F115252,0.4824386319418186
F124056,0.5053946630127746
F119772,0.5106752423724552
F104436,0.4668269576865046
F107423,0.4777994063287885
F100095,0.40160976262597237
F100364,0.515641612563162
F112038,0.5296454488920401
F104522,0.4685905111493269
F113109,0.46598169032476844
F110974,0.4348432466368586
F101872,0.5086892345965943
F101068,0.4395105643441921
F104709,0.4670142839608743
F120644,0.4597191528430982
F110439,0.4840203123070087
F108131,0.5017510908683996
F109717,0.4050666598617543
F109622,0.5135804733768401
F123571,0.468496010310379
F102686,0.4617827541274988
F119216,0.4836175337730213
F123527,0.5732067218388333
F112500,0.35290414604993114
F120660,0.4651858009042056
F121830,0.4793567476583893
F104237,0.4339672028336171
F115190,0.5523044906643433
F118920,0.5292417766988566
F116871,0.5410270146249323
F116973,0.404526631666546
F123010,0.5492101283407247
F114876,0.4376607133312397
F110215,0.5283627891166154
F107723,0.45921256973713376
F108436,0.4945618981517024
F103074,0.5956811371631718
F114136,0.430780437310453
F120082,0.45092761715940965
F115581,0.5452688344148758
F108293,0.49363931045107223
F115417,0.5352024139978411
F116833,0.46202824240415286
F100029,0.5335226193592465
F116985,0.43616194232854244
F111833,0.5795651773028475
F120260,0.46811595827995245
F109583,0.4656216279067432
F123693,0.49823593305712766
F115645,0.5155157782984225
F122301,0.4515669388590758
F119206,0.4589356530522145
F100826,0.48774612012929974
F111926,0.4990001388134876
F112417,0.49567519814871497
F110403,0.3948443956355223
F119140,0.5458768480748994
F104695,0.49899160166753687
F123804,0.40552593450041374
F117199,0.3804087048520154
F114751,0.525390009638502
F113662,0.5610902976544323
F119786,0.47332581319095135
F109722,0.4750536880485188
F117726,0.40812170398223535
F120605,0.41857524306459315
F104546,0.5571123611466244
F119188,0.48956772484408195
F116439,0.4435429184851267
F111002,0.4134175039860447
F123070,0.4756800544027906
F106147,0.42544628775052484
F104932,0.48849452727082465
F109194,0.5092812286815709
F115531,0.5100055557708392
F105641,0.5217416672815443
F112111,0.47487611686921694
F102598,0.4007940564324356
F109342,0.4180283812504957
F118390,0.455324321535694
F113576,0.4654716678388806
F106199,0.5248365144380269
F116290,0.523124744669871
F107611,0.5348322632125417
F113223,0.49733229028700277
F118464,0.4924750682344303
F123013,0.4754449597339786
F120006,0.5144210933484691
F116478,0.501515346052031
F101312,0.3590093882235824
F123042,0.46134410977258733
F100045,0.4872431524520211
F113407,0.442396616741891
F113374,0.4507424507054366
F118256,0.41946128813634753
F104208,0.4001150947294788
F120343,0.40726230528332963
F101762,0.452380776170069
F108658,0.4144902780280083
F116339,0.45929040202367977
F124368,0.4492420802906216
F103787,0.4601018319748229
F113870,0.4509419104620477
F111713,0.5167631930522576
F118677,0.5307506248739404
F104312,0.4473267891797737
F106606,0.5320437306508823
F118122,0.5065687261943936
F106599,0.5515645609797786
F109570,0.5303744067685352
F113081,0.4976944224028199
F105129,0.44451689867518207
F109831,0.4277712419261674
F115161,0.47229923762385373
F122139,0.5306342791963796
F114634,0.4687657109115867
F105517,0.4663298082068791
F114407,0.5093000868788571
F109772,0.43235076069570444
F124495,0.4611840222223348
F103543,0.567818161722411
F124747,0.4770057207249234
F119084,0.4173795400801853
F115815,0.5402409106038142
F118726,0.4176488676518628
F119478,0.4874850011471329
F122521,0.38373285422053394
F102328,0.5108684439711229
F100842,0.5337422514228665
F104040,0.45075228754543173
F123101,0.477191376689857
F111886,0.45769787522952177
F101212,0.5329994216633962
F116420,0.4220623625694456
F118287,0.5056957206544885
F111054,0.5478355956675024
F100706,0.5843270517313817
F120788,0.44528662587959145
F106477,0.4907190435315075
F116902,0.5845706081952773
F124738,0.443873024187207
F105208,0.4829253125274161
F117963,0.4290866545650379
F119238,0.48058542028355833
F106181,0.43998773478153086
F119735,0.397489460627375
F122554,0.48528117773367585
F122008,0.46827575887713857
F111317,0.5050996508632212
F123120,0.42333732743264685
F114225,0.43585839701775797
F121985,0.4647431040239556
F110484,0.5086415278910479
F108430,0.4812833883908664
F115305,0.4219629592171988
F124268,0.46209693156038734
F119847,0.4649459181569794
F102738,0.42093516277152065
F109464,0.4594714261047074
F124522,0.5275737796292619
F103969,0.42496173299282286
F109225,0.4359796188205699
F115136,0.6128651119209705
F116931,0.4791822605739484
F122013,0.43494392897136736
F124436,0.500543702603893
F104149,0.4951786138624861
F110606,0.437644986866097
F124802,0.4244231975181435
F104345,0.5036758732231222
F114672,0.39037128789677955
F119848,0.533832088963305
F103290,0.4542522972217412
F104888,0.40495419351411605
F113520,0.4725920813575759
F119168,0.4425502868156858
F104655,0.43566464969304275
F100234,0.4899353490321312
F123659,0.48033204489023296
F121306,0.3786574744520308
F122919,0.4750359772848406
F119185,0.5370182171626783
F114557,0.43622463466398803
F120068,0.5479535733790009
F110255,0.43382373411084496
F114668,0.5504782459125417
F101784,0.5145095198735691
F123733,0.42105630175894876
F111087,0.5797693075665855
F108592,0.48959823391400925
F110370,0.5512057193595015
F124017,0.5564097152453507
F102724,0.49818922379425157
F100722,0.47915079850793596
F119291,0.5236915145959353
F104360,0.594350414965422
F120415,0.45663044604308656
F104816,0.529800931038833
F111397,0.48088146608199833
F112336,0.5117552122181694
F110568,0.4167962106645014
F106576,0.45843089569198153
F100151,0.37104349599685615
F110197,0.5561759439932183
F109336,0.4871130531997361
F124798,0.4919571025951578
F100162,0.479051893790267
F101699,0.43588685859315945
F112645,0.46148940029690455
F112829,0.5569737443725784
F103331,0.4563268318842215
F120328,0.40835820944054646
F104367,0.46486694821437724
F114200,0.5870945391329301
F104673,0.4787161184623874
F122029,0.4779341670702293
F101404,0.44129357486028736
F109571,0.44056134146570014
F117648,0.5433062921890821
F123171,0.48539677890704613
F106429,0.5254767029085978
F119641,0.36889638643196015
F100178,0.46405467437044556
F117139,0.4187034963595857
F109205,0.3791706272455687
F123893,0.4531447534939667
F100733,0.4557405941645395
F105491,0.4240641418489989
F110633,0.4724816092073567
F116553,0.4660060240327687
F105633,0.5237949695104731
F116134,0.38553653434341173
F121291,0.513782193763239
F107773,0.44773923127188375
F108088,0.4647180370615528
F112707,0.4979865901393784
F109569,0.47274445735301773
F120566,0.43801305227977083
F123968,0.5079457532591003
F123283,0.47625092957742987
F121506,0.4314780667517418
F118573,0.49399233814398014
F124881,0.439465672695091
F103023,0.43028159820813733
F121534,0.5227736473457487
F114154,0.506996325462937
F122007,0.37823830782042334
F104670,0.4805367474122858
F109248,0.4995015361664624
F110905,0.4978623321608725
F117212,0.5328536539800528
F121030,0.5005574474443701
F113457,0.4168968867636321
F109021,0.4455518194292598
F104306,0.46242641034480936
F107503,0.5109562346446748
F119787,0.4681784534489313
F109176,0.5452560533366415
F119859,0.5431720748351399
F123185,0.43655461004422397
F117230,0.447885409559438
F116635,0.45994340455304494
F111519,0.5690586531356158
F104098,0.44572901460864645
F118801,0.49407736231345367
F116581,0.5348814137278655
F101213,0.4910511229326785
F124269,0.45659838398035624
F106830,0.38313804342362
F104895,0.45634754421532564
F114121,0.43338062124754434
F105776,0.41526839347656563
F119536,0.38832204584183466
F122474,0.554546289658598
F111688,0.4726664964138111
F107540,0.5633854915062366
F112403,0.43710631532154215
F105677,0.5238157034597195
F124624,0.37940223033800763
F112912,0.355869337916895
F108372,0.45670130996096125
F120719,0.38697683870322114
F104378,0.5443714315582335
F104813,0.4891524271372386
F116535,0.5481446528154141
F111736,0.5595632956562548
F106479,0.5374797848018342
F103242,0.3979319461301457
F107847,0.5146094367123976
F103745,0.41386253422884656
F118429,0.43400626801292835
F113004,0.44575342933366546
F119726,0.45024298774014815
F123790,0.37782179233001056
F100034,0.5504595370249517
F120440,0.46268805975817306
F120180,0.4198029830063813
F103656,0.4642425540750452
F112455,0.45754986701531686
F114722,0.4603988326406755
F112118,0.5189549038368124
F113876,0.5281738700536445
F118160,0.4995266880568782
F107376,0.514544335225408
F116340,0.4502108174850587
F122412,0.5756937334916085
F115761,0.4543356002776979
F115139,0.38269217805566175
F119614,0.42035970095930064
F103980,0.45507851513387143
F117948,0.44195875333655943
F114958,0.4633680250417236
F116637,0.4786655807095792
F104803,0.5036216880855607
F109432,0.48179006001782654
F113672,0.46246816404167146
F109842,0.5503028752462029
F108896,0.36070962527756034
F107375,0.5002829901064434
F123387,0.37229239617713505
F109033,0.42701515893097725
F124376,0.4469924832307165
F115318,0.5063314984436097
F119660,0.5205580296975139
F121151,0.5121301612174745
F120631,0.5340406895994042
F114549,0.4943436171215042
F101564,0.46701882531026906
F124619,0.5172814006624358
F116778,0.4142697621041699
F101453,0.5293182127140184
F120928,0.49063557836992644
F114264,0.4080768081933681
F112329,0.4155565192406084
F101843,0.4890613768435089
F106051,0.4846874658491057
F115673,0.5409278879600352
F121338,0.5064793959386789
F102169,0.4547148189730067
F119965,0.5172854012874699
F112596,0.4565032203982683
F108499,0.43423204122933745
F115880,0.4300980366010939
F123734,0.48013996589804553
F107446,0.4686710895106502
F117816,0.41323413884290455
F105036,0.47807562394685044
F114356,0.43239620838522697
F104341,0.5041787585905415
F120665,0.4141431386105362
F117856,0.4942196007889279
F114709,0.5032162328032956
F114293,0.45634540706455484
F104545,0.5500685175287706
F120020,0.4316645609084654
F116643,0.4669422445924878
F112763,0.5013807186364281
F106407,0.4802616351515451
F104724,0.5153838885606599
F118714,0.385511218979286
F124702,0.4990890346834822
F117532,0.4992933684508123
F111065,0.5958480941399709
F101010,0.47566779894310596
F106494,0.45779034327921464
F117477,0.4940158824227423
F100685,0.4118612296777744
F118386,0.42888571193306135
F119360,0.4578073899139925
F105237,0.4812723971886276
F110277,0.487408619913846
F111872,0.5292235756814103
F106074,0.47577723289921514
F117047,0.4369621176057009
F121491,0.46353519179483205
F121176,0.5005953165948754
F111292,0.44685283349881927
F123267,0.5531934746306846
F109498,0.4801722398508008
F118709,0.4601057177905217
F103696,0.42577755641927806
F116806,0.46567021265971975
F120702,0.42688015536574353
F104260,0.4363394403761699
F109515,0.4572251085934068
F121169,0.4952534261616621
F113126,0.4292639924617355
F110555,0.42233139015637244
F111033,0.48980133764732314
F107429,0.47734616280862774
F109347,0.45524522427723824
F105088,0.5615732248564111
F101848,0.37724742133792344
F109353,0.476836046634072
F119003,0.5124813459782451
F102969,0.4834205521019118
F122274,0.5340149643411091
F104854,0.4741773652308382
F117822,0.6097227997497574
F107891,0.3589149821162896
F105037,0.49459944812328827
F112575,0.428176927819974
F114509,0.4537027222208877
F106600,0.47185172834103006
F109291,0.4847991726435804
F100317,0.41960966057431304
F110155,0.5252776801693579
F106033,0.5111027831299197
F108058,0.44410723362026194
F100261,0.6422121252539549
F124396,0.44400233232397357
F118697,0.5383450023907677
F102451,0.46762633878231763
F102538,0.4667567166645237
F111894,0.4804546685363176
F121146,0.46965192316369575
F119246,0.4644265184158263
F106764,0.4601769465071689
F117322,0.5182059656611744
F115755,0.49497331439836434
F113605,0.427497211287777
F102710,0.42600136132326816
F119391,0.4004310187640927
F123996,0.5335393235182201
F111637,0.43483715297882086
F115162,0.5169984449907082
F107792,0.5007803780451097
F123145,0.49407500012700234
F114613,0.4553113249432274
F123044,0.386127130342265
F106749,0.435314665558707
F100836,0.39346460757563795
F114598,0.47084889870726143
F107653,0.4400069931194088
F116849,0.4513581356064361
F108605,0.4523521851240919
F107383,0.38948465204025834
F123911,0.36610517606473686
F111184,0.5139675799788159
F110214,0.5041319637894108
F123822,0.4604374876856241
F112193,0.5212479369488341
F120841,0.5076675584991195
F117956,0.4687956795064002
F124877,0.4819894690720167
F100062,0.4405286242363855
F101837,0.47115609580197926
F123424,0.4921349915937637
F120509,0.4885583062146486
F120729,0.4480103815519534
F108163,0.4910687581063119
F110580,0.5432257193370311
F102803,0.4336294147230284
F122612,0.4906047871434934
F104600,0.46503871200626234
F113106,0.44111613280031037
F101545,0.4350974841810147
F121559,0.5186610762259962
F104337,0.5423488583238225
F122298,0.4025861430357728
F118818,0.45834138349102765
F121191,0.41673824800657056
F110094,0.41926664810897907
F117833,0.5523289324173827
F118565,0.4536211982498274
F105137,0.4346234757049113
F102304,0.47823231782551023
F101992,0.5019804666508247
F105940,0.4275499847673033
F120312,0.4905781690698696
F122523,0.4989872802122849
F105644,0.39998645188097914
F114930,0.46619845259568304
F102055,0.4944214812176758
F101865,0.45702343071761364
F113006,0.5440998633475824
F111517,0.4193185034687671
F107205,0.3688015937457304
F100281,0.4365925411695003
F106249,0.40270456664633303
F101795,0.5122210349686426
F123338,0.42217683939967615
F100417,0.47286947646389577
F107552,0.39469610902884755
F100421,0.4051664376659778
F122717,0.4456383849801553
F110029,0.45872979851529616
F116213,0.4667646343567414
F120203,0.5010751305730199
F121400,0.5293583289550001
F102410,0.4697790051787434
F113164,0.6337031073612811
F112430,0.5747974354872496
F110772,0.41138143630773244
F107726,0.5013352804526734
F115940,0.3522175680858655
F102875,0.5089978269871849
F119355,0.4274030358135207
F113306,0.4874152730082818
F105384,0.45462018323248243
F123072,0.42761051727240573
F109979,0.43334905388928846
F113891,0.45627054303930703
F109099,0.5769029759909641
F108435,0.40949530101848486
F123416,0.5060178459248865
F101919,0.47398433068410395
F101766,0.5351863778738319
F115238,0.5188129306022595
F119887,0.5438833388578266
F118656,0.525407946229471
F111062,0.5032449679209074
F124530,0.44783362902443546
F107975,0.6062205918469514
F104548,0.5177681811170195
F110843,0.5704695521899681
F110256,0.46903327174805265
F109074,0.4029490260126738
F124484,0.40618050660042326
F120196,0.46683239337182114
F104294,0.5256891900617924
F107467,0.4333723559861693
F120244,0.44898399493082847
F123187,0.4488723399254796
F112771,0.5731529840474723
F117023,0.3982421771982566
F119213,0.4638101478497829
F113098,0.5185724891889065
F116855,0.5290302593109524
F101306,0.44882725338303503
F100909,0.49918320792322113
F114368,0.4939124842474488
F114371,0.4588793962464979
F120980,0.47597026043857904
F118550,0.46300960230348553
F104843,0.47459460705364087
F118498,0.5965505463505725
F104761,0.4370371249372371
F113347,0.5188249609984416
F110363,0.4000380566920594
F102342,0.4746249398969187
F102609,0.6062098615902296
F114479,0.4595396991723443
F108351,0.450178749692708
F112614,0.46600287647420213
F112204,0.5998348323832483
F119447,0.49737036764167
F109298,0.4924623393299855
F116652,0.5043811055644303
F119068,0.49832077704087807
F105089,0.43409983681018893
F101636,0.5151175050465231
F106619,0.5194221177656166
F118108,0.5007524587247614
F112851,0.4450156928852026
F115111,0.5169832206770575
F111622,0.45438099424263767
F108793,0.5272377953406806
F118800,0.4928599731679062
F115275,0.45712831712194313
F102362,0.5343528592375757
F107284,0.5034205384073335
F120471,0.5182108964617396
F123050,0.5143963381919578
F119940,0.43185819322480823
F121582,0.3960405342483151
F114972,0.4102846206959329
F108065,0.5381386847962496
F120580,0.42907322581716906
F114945,0.5094797613832232
F102408,0.5265167456615911
F110431,0.48889729962581674
F103669,0.497713578116993
F123781,0.6009658991249671
F115715,0.47660081097707074
F108380,0.5282527183436032
F106089,0.4111500549616211
F113793,0.41229443242889685
F103269,0.46797436190212915
F110531,0.4405850257300795
F103529,0.5099573317535249
F109149,0.5039376421846252
F117568,0.5290171370016254
F122152,0.4611068639635725
F106396,0.49436605430758207
F101797,0.46369490963258664
F112318,0.4843353230138615
F103122,0.5062594301432239
F124064,0.48971104856903325
F118639,0.5823021720988624
F115913,0.4443183564079802
F109873,0.5063082812572128
F120091,0.4623892541149436
F112609,0.39772762278487234
F114961,0.5082229254456787
F119734,0.47039541999700185
F114566,0.49497454213646563
F117003,0.4758452796568945
F105055,0.4791658169915649
F102011,0.5283915882823775
F100934,0.4386952863654833
F111696,0.46766698447824295
F108316,0.41763939669378436
F115710,0.49085247550655553
F108210,0.47037843741465346
F101403,0.4517590999580622
F114763,0.40931845225828545
F103191,0.5256198166777046
F112148,0.5191349033015915
F112365,0.503163379852549
F110678,0.520506016962369
F108746,0.4506742973612232
F124293,0.4592432979521246
F109222,0.498118229387546
F103183,0.3959879932954349
F101183,0.5152396056100607
F107095,0.5909178968832012
F110704,0.4771624169497637
F122267,0.5445095577253884
F101657,0.46504596538276766
F106951,0.48203176190310015
F124399,0.4982027903592958
F112526,0.5075253336785248
F119013,0.49967156151234315
F117862,0.5341946788265568
F122016,0.47898134315519725
F119088,0.3602292694978202
F107519,0.4769920889421807
F122224,0.5028513602979523
F114056,0.41620463497394045
F106801,0.4768679486185178
F110016,0.47786463044626226
F111578,0.4990863097858328
F113671,0.5425799550009918
F100966,0.3724045627525153
F121428,0.46703043185441084
F123633,0.5048005220699634
F102981,0.4175567165277525
F108192,0.4808052536960191
F106415,0.45802555338127715
F105420,0.47774598781533084
F102891,0.3459028667498267
F112864,0.5380929161912336
F119796,0.4859573022024335
F122286,0.5178315153245587
F111968,0.4356343642221834
F119271,0.4817647315282457
F121319,0.6050141517833041
F122989,0.4282135208238471
F110587,0.579306223443802
F119835,0.5095462339917891
F113804,0.542194973180508
F120608,0.49158485646132355
F100063,0.43905991714404713
F111602,0.35203576749024856
F107242,0.37703521314587285
F111447,0.42402522359853884
F106101,0.4701808417935446
F120610,0.46683959762813354
F111823,0.49456483630011916
F110848,0.4653573706725266
F104147,0.5461186247751957
F120801,0.4442191070762096
F108269,0.5388850277111124
F122035,0.511701767737851
F102387,0.4590094031683045
F124608,0.45464939035033436
F117790,0.5426458729417492
F104029,0.4773005209675848
F115235,0.4979734891558314
F110891,0.43486273928597546
F122291,0.40689955446604964
F114721,0.4572058937206731
F109328,0.44761639119843816
F107995,0.5153218106349255
F121056,0.47699185921079923
F111933,0.48653993971178167
F117608,0.3586870741864423
F107155,0.4529167757430201
F108926,0.5202695930155579
F106237,0.44528712617849764
F112467,0.40918949899785895
F117632,0.4011177366630095
F101380,0.4761493277922185
F101621,0.41613036603513365
F115108,0.4708440749658416
F122264,0.49993852585961723
F100303,0.5239524486975564
F105445,0.5249492686628727
F102267,0.4420464010076204
F119046,0.5503774914816664
F122308,0.4554257039897598
F107153,0.5354369896375994
F117843,0.4928106211945571
F101910,0.4107116806857851
F114196,0.590615412526224
F105769,0.5078121171498726
F119541,0.4565285126774573
F114088,0.45692667294837364
F115915,0.4984212315145672
F119736,0.49879455021682073
F111740,0.44886308433480293
F114594,0.4854068837775106
F116558,0.4628396800013912
F113078,0.511391000784943
F100369,0.5612124771478385
F110194,0.4756457200997469
F105193,0.4320450329219454
F124542,0.5081082293855151
F104589,0.3932124259873166
F104361,0.39023981879550373
F116568,0.48717807642134214
F117695,0.4777667490105775
F104183,0.46160089614621524
F103675,0.417110484006626
F102368,0.46057329111204426
F113625,0.5603394950749048
F118503,0.46593491650994
F122740,0.46148998023012866
F106321,0.49844661871199947
F110321,0.5065012235664639
F103934,0.5069668228761103
F121797,0.4862248243353895
F102651,0.46552740939751724
F120766,0.5969256632118387
F118858,0.49710985531632934
F104815,0.46858099618085414
F115827,0.4963736756806618
F101686,0.47287238005196564
F114701,0.46383959476888914
F114078,0.5215340743977703
F117801,0.5208916239072335
F122684,0.47231709385766996
F123855,0.4165983240966048
F108565,0.5643156295400757
F114810,0.45532838357888117
F105579,0.41961470967187287
F106859,0.4939798827921035
F105364,0.49929825626067426
F116307,0.33489734211821465
F121889,0.4668370028883354
F122442,0.43681731120932277
F123936,0.5198618160534365
F121631,0.5131923275201544
F117055,0.49307744781776386
F109654,0.49397357661392305
F124546,0.47091685507217573
F113811,0.3918291840899172
F118936,0.47100955027770297
F124526,0.36180961835894676
F116075,0.4176413031233852
F117880,0.4057359035289729
F100117,0.5678533651537934
F101966,0.4969793359757577
F114404,0.5845104849151146
F115372,0.49423039497570864
F109898,0.483971470911002
F113034,0.48623833557419727
F111045,0.4375739748245753
F109096,0.4948493392747384
F108596,0.42777967450207366
F119689,0.5313737011739015
F102311,0.3845802710780954
F108047,0.493626845727117
F116621,0.5331542756674377
F101279,0.5349685805898363
F102314,0.4672757018651895
F122908,0.4602669484147689
F109229,0.4423495908327143
F111778,0.4230432525616643
F124529,0.43006747486155494
F101674,0.46986703390816853
F110878,0.5414594492115186
F101942,0.4896188155708019
F100662,0.4896537127809294
F114234,0.3703057994883681
F119443,0.5198381411614437
F116400,0.5244415327540486
F106975,0.4139818774310762
F102758,0.47193991440542793
F109727,0.45948292389978973
F107258,0.48605210012972877
F102979,0.37891042731580327
F115578,0.4988580920604644
F107711,0.4507736972137463
F103091,0.5555347129662633
F117680,0.4496192434670173
F101508,0.4251929400143975
F115284,0.49138484409406114
F109277,0.4506091587481309
F107648,0.5011749509916739
F102072,0.49685692174092877
F110092,0.45745835452091593
F116611,0.5083664812276161
F103080,0.46189132052869086
F101913,0.5002900997870037
F122131,0.5059579780298844
F124057,0.49290684295796006
F112930,0.5560814018916969
F105262,0.456042255728226
F117660,0.5220503140133248
F102962,0.5250240011485303
F110450,0.5713852853424062
F117292,0.4330035000844934
F100124,0.44691772112067285
F107355,0.42304523927930604
F100676,0.4936257132441275
F118568,0.4255056947409869
F121315,0.38433074170737613
F105243,0.5205629900056064
F115486,0.5135275721935479
F105536,0.4149142228074816
F122476,0.4533281122489635
F114635,0.4982090288947748
F114860,0.4587550850646135
F120946,0.496116567742382
F107566,0.5185142157266147
F113521,0.4585867515758731
F106032,0.44288127296063756
F100430,0.49253652301083717
F108705,0.46436706483782775
F114616,0.5330401363993191
F117673,0.5108881124033495
F111701,0.45682883024377496
F120700,0.46490792071218123
F123090,0.41756639726178735
F115296,0.46983251866009634
F119856,0.4575602676127538
F105403,0.532494158841637
F102948,0.5485740349035761
F119484,0.5010594887782878
F111890,0.41601043618062983
F120961,0.4314242369390021
F103322,0.5180383744558512
F101204,0.41459619949097304
F100381,0.5629682651900698
F111363,0.43596254733864015
F108761,0.45631666730028236
F106107,0.4592002197842151
F101048,0.5598334468523605
F113832,0.4693819454253081
F103620,0.48843812310294554
F120874,0.42699106618231786
F108396,0.4618365063737031
F103921,0.4971556349133628
F114217,0.5325588695624472
F118553,0.4934201326204576
F102942,0.4609077057794919
F111745,0.44387931816027293
F124294,0.5039592372383079
F117821,0.5397775253116153
F102501,0.5131531870866182
F121007,0.4896344322759115
F109120,0.48947092150541816
F124906,0.5353951190846853
F110934,0.49818964954894274
F103892,0.5001388708368211
F101988,0.3500720389129806
F117297,0.4440625014422504
F103333,0.4812877782025249
F124532,0.5954397643552918
F110317,0.46491235086260996
F101326,0.5382538526630456
F123640,0.5447777651245149
F122450,0.5274553869822609
F121658,0.5302521989822915
F105792,0.47736352639384716
F104454,0.44251232961070086
F120705,0.49596226305159263
F111750,0.5017996643210181
F109324,0.4948661057184526
F106103,0.388147383025744
F107508,0.5030061959053682
F116292,0.4233123502419682
F110812,0.5202270703292151
F118252,0.49248520144210783
F110876,0.4742907362840404
F115199,0.5312115347794364
F111179,0.49082915145088146
F124475,0.4414571446210438
F103147,0.40486644543550343
F100344,0.49047299046233295
F116474,0.5203623830054034
F109615,0.4121561439247046
F108437,0.48221507492220783
F107824,0.4523150301362949
F122006,0.4008269936344331
F112927,0.47112234661324015
F112746,0.45044606885355887
F110474,0.5337133547188921
F124709,0.49958067703192355
F115106,0.4626520707517586
F123513,0.44437400850307573
F118216,0.5399036477305866
F112998,0.5062390005515713
F105529,0.4755817662007116
F108501,0.4467528360805192
F108282,0.46065537345442853
F113583,0.4013668766765981
F100574,0.4465543096975064
F118499,0.5469664609586526
F109104,0.4944603227670128
F122637,0.5409562518072859
F122437,0.5156582722462382
F124901,0.5088015860563722
F106283,0.49437374031177395
F110003,0.40609053631443215
F124217,0.4374746938616786
F101199,0.46438646750545653
F102781,0.45930629414675217
F110469,0.5000339050401897
F109133,0.5004061060336645
F124950,0.5525714605337932
F120339,0.4706014425607886
F105887,0.5067811600303311
F112225,0.46950567392749076
F107370,0.3670466583310802
F103559,0.4516603033406852
F107478,0.4048745094047517
F104308,0.42207379012913315
F104732,0.5285994083923011
F115187,0.49119177034661965
F118012,0.5035289123361375
F117228,0.4994606503006388
F116614,0.4623116675201052
F107910,0.4339485658531278
F116998,0.37999977938540164
F115046,0.4819776392151309
F110361,0.44434692926337616
F118665,0.42178288803034525
F109652,0.46456201220483795
F114497,0.4402220892660791
F104957,0.5425255147947676
F101949,0.5427194872188985
F123522,0.41127183606252604
F117038,0.4724966025771683
F102234,0.5128871947291811
F116997,0.5562038144431178
F107715,0.5664922909380419
F106209,0.4737351805403379
F114631,0.40615376919218116
F111047,0.4771236770967525
F107722,0.5293235419385625
F123629,0.4864207691795599
F105307,0.5642608091502597
F100276,0.4203622132335827
F120474,0.5728496393903558
F114160,0.38946911520425886
F110975,0.475056287081176
F118874,0.42730486721056493
F104088,0.6055980508603203
F100779,0.4430840474028487
F109610,0.4793426810494117
F102568,0.4938839438736665
F122318,0.4791521560690932
F107513,0.40610285891892317
F121989,0.5157635796526298
F105505,0.5245144755227096
F116533,0.41841109080448435
F106849,0.38498103518076765
F106802,0.4847529413786361
F124883,0.5213503819604528
F103571,0.529951167632086
F112567,0.4679440385654031
F113994,0.4822167867224748
F122663,0.46631648357037614
F122659,0.42555751407790193
F108701,0.42439085062735815
F102880,0.3467243475712791
F108569,0.5140519387094657
F121717,0.4108451678261541
F109974,0.49474434645929755
F120370,0.45666690835742874
F117473,0.3426265785340318
F112693,0.47952880816682864
F105000,0.44119460634660324
F100285,0.5281946867665182
F114122,0.4589067646668528
F105751,0.43334922053926556
F107788,0.47851401900036217
F115467,0.40341109961278154
F102622,0.42230283321204
F107899,0.40587137186140143
F102079,0.5670028153613476
F109416,0.4471007409003952
F104238,0.44895416925920617
F100461,0.4710111478939235
F112622,0.47494375754860707
F110160,0.4406295372561096
F112915,0.5215227902027451
F114018,0.43493060137471123
F113896,0.4683225747554173
F120170,0.4919026054289479
F113854,0.45889754564825347
F103818,0.5305295958261302
F106810,0.39267589992146834
F113124,0.4495071157466908
F100838,0.536094271810738
F102996,0.4844469622797488
F115842,0.5164430131636979
F114888,0.4925043630493867
F101293,0.47629648821420456
F115443,0.5438413707333931
F107521,0.487500120461575
F115413,0.5122328422139732
F114250,0.48652701876483173
F118786,0.5244336235948555
F122254,0.5098465730709076
F121689,0.446757116747419
F117848,0.5286551013864509
F100852,0.4044141864727564
F122845,0.5018294607846743
F123435,0.4976673023796465
F111311,0.48304523043770875
F115693,0.3965173213964228
F114977,0.4321907523060985
F104897,0.5038008455770686
F104821,0.47765904021613126
F114993,0.5461004310343163
F100904,0.4266656233559198
F103244,0.5226934946247601
F107784,0.43966840980712485
F112491,0.4778762897197206
F116895,0.47600686817255833
F100545,0.492319044510954
F104812,0.4981830149052898
F107098,0.4165704550231524
F124363,0.46802173756958587
F116584,0.48442704069914133
F107171,0.5381127059984796
F122313,0.4912220867658247
F106383,0.46336727739789796
F104226,0.508043525032239
F115928,0.3631977090623343
F121080,0.5306010992671408
F124138,0.4836779362240784
F112198,0.4398200643170074
F103361,0.4902703386362801
F114204,0.5145399195128635
F117323,0.4040780269617317
F108519,0.5262859399319385
F116883,0.46935539048327046
F112759,0.4533170812606543
F111901,0.47755180759583593
F120650,0.4483004241330213
F103826,0.49679971256300226
F112527,0.3725400856981172
F122498,0.4075587752378682
F124072,0.5194757867468021
F103159,0.5005399994533601
F108242,0.4845545263181603
F119219,0.510908972626589
F120620,0.4598142731170305
F116601,0.4808744490630118
F112813,0.4725361420810734
F121489,0.48954383300044335
F112435,0.4328248982784644
F113841,0.4625138013312442
F106438,0.44958171642073297
F119840,0.48339883522948646
F114199,0.4136922568614352
F111612,0.5079826101411676
F117617,0.4567925029140961
F121901,0.4084940685856584
F108459,0.5808395458557171
F124668,0.5017653111631809
F118354,0.4621640869929132
F100578,0.43491655950408536
F104874,0.4646312375248044
F108094,0.501662761306287
F119640,0.4842790376186953
F121313,0.4262819837850156
F108467,0.5575209945772448
F121072,0.4630532737585348
F113024,0.5005059660224385
F118961,0.36585229885456116
F112331,0.46056798042889446
F111393,0.38097239572485775
F118824,0.4315980200799374
F104630,0.4403571568017772
F119694,0.44800243731121064
F115168,0.6129167656720153
F113160,0.4699939925646113
F112047,0.5092334726997743
F119427,0.4830566598230006
F101595,0.47382662130546926
F109179,0.5454196933052357
F100275,0.40491489379820816
F111079,0.48652769149381614
F109465,0.45353532696142584
F112919,0.4809261896410104
F124460,0.4116975004230366
F115813,0.500731370506575
F121070,0.41558386821924004
F105662,0.4526650958189201
F109958,0.4809564782336031
F114149,0.42050467033704003
F114380,0.44144066307939445
F111485,0.4714471195012311
F101685,0.4982588002894438
F117721,0.42995228794188234
F107967,0.49013188359407
F119972,0.5128647101571302
F122321,0.5281414633593251
F100012,0.42916554473344837
F119093,0.515514667585113
F100667,0.46949508366331927
F110167,0.4246354910132726
F123985,0.5086873999040731
F123465,0.5403054760829871
F123655,0.3983197216500719
F124835,0.4491363426640639
F103445,0.4485134398712429
F115195,0.4973119394955554
F120478,0.46218044390568536
F101017,0.5414762463954813
F124732,0.5092001558489794
F110965,0.48006803555899813
F118844,0.5740000118704397
F107954,0.4391573906174733
F111156,0.4488211407340812
F100623,0.4983532217401917
F104855,0.5629579595725362
F119661,0.47734930011406196
F100599,0.43561000900453045
F103358,0.576090871085067
F107994,0.5384640324577977
F117248,0.4672968828852714
F103476,0.48738224981679756
F102399,0.5071047211323718
F119623,0.47789190636183876
F111593,0.5086005247243379
F122377,0.5757190666403487
F120253,0.43875556289901724
F122347,0.5184685741040529
F124561,0.5456993934715193
F108281,0.4264825363072924
F106031,0.529794016587089
F112641,0.4722236779374299
F114279,0.44101807360637457
F114552,0.4702773861415481
F113767,0.42228024940993814
F114432,0.538310623904483
F106840,0.5383107899010193
F107323,0.49050602383173625
F115626,0.4162610436806138
F109540,0.4890199701881863
F114980,0.5106477395332578
F118205,0.49046144826646965
F124755,0.3945580959749013
F115152,0.5451854083103618
F101796,0.40587491725376124
F113981,0.5002750167113774
F112050,0.5041451696963127
F119564,0.3638694163054234
F116438,0.5872527765708007
F109893,0.5128959081705136
F106047,0.533875486544664
F102657,0.45043795533091063
F111568,0.471343918623218
F121907,0.4867431423827423
F124040,0.44029534197067516
F109261,0.434054634311294
F112642,0.4785318611399402
F105759,0.4957967194322189
F120095,0.45422859015161354
F118721,0.507854453922969
F123330,0.4306181463032419
F123851,0.44902667070690383
F124150,0.526639766037262
F114705,0.535340813018029
F101299,0.41075121434698036
F124749,0.374005412763846
F115566,0.5595428356997032
F104414,0.4982053714355611
F103154,0.44086786617210605
F117644,0.4507257171695085
F117213,0.4731020701926668
F103504,0.602619906656401
F109589,0.38987540620136296
F123196,0.4288770087663133
F119529,0.44483422832877206
F116689,0.5194565549184691
F106997,0.4363196164104304
F107128,0.4580293138932273
F116356,0.5428020370001443
F104563,0.4967533912911348
F114657,0.4216264560074672
F115824,0.3896850605226291
F110572,0.4574493286073552
F115702,0.5385084934993272
F122399,0.4028303101978382
F110201,0.46366196009438054
F102157,0.5317432362504302
F109472,0.47839277253625456
F103211,0.5527790077140664
F122265,0.45298947571196174
F102927,0.5135679309509209
F111582,0.42682150724335477
F121411,0.46500567195637466
F114336,0.4737070887397814
F107007,0.40625650744436936
F111569,0.5020981931551098
F105846,0.36430695748080827
F101168,0.49318767598057356
F115923,0.5128899898797777
F102593,0.407563303444345
F113640,0.3843157382978084
F121066,0.40392743251598123
F124919,0.45362585298200664
F114084,0.49015811511920215
F106809,0.408308228436168
F104024,0.4556479573678768
F105616,0.44943097457933145
F111082,0.393471600192483
F105244,0.48273989686496277
F111099,0.4679644260522847
F109961,0.4741494525154716
F103033,0.4535676824731646
F102794,0.5194018873667666
F112356,0.5058611437671536
F113831,0.4740053471114859
F104280,0.4584917247557463
F109521,0.40896938322749155
F123888,0.5241651450487181
F112485,0.3498615028224315
F109273,0.48654190645825257
F118391,0.458507439525081
F103822,0.40065065430138
F100116,0.5457060401423852
F113084,0.49281841710744945
F107233,0.5117749561275869
F107585,0.4415963966839451
F117529,0.49424671279102905
F121589,0.5736432159777778
F103116,0.47142153980995527
F122459,0.4969956032727736
F107724,0.40250575111539966
F117749,0.5337119549880837
F116278,0.4391125578196199
F101629,0.4698639891687365
F101577,0.5058182646628587
F120763,0.5024485919367201
F112218,0.45556013496616254
F108583,0.47840272876341994
F103258,0.43999435741338844
F100848,0.48938466769423206
F122727,0.47567794184443113
F117009,0.4700688547457673
F118990,0.5169637305091549
F104102,0.4325180060896936
F115599,0.4517073639550069
F118788,0.46330821843306047
F112935,0.48725410329347885
F118331,0.49890845354423846
F114359,0.47838326554712407
F100246,0.40044366806183607
F116622,0.4577114875568138
F108938,0.4772381683749193
F104396,0.4914511450651272
F117056,0.46756134949280204
F123896,0.5343936940763359
F120726,0.4611769341690857
F121823,0.4556557994053052
F113548,0.44639697561100544
F120616,0.47257986453169687
F116391,0.4588729798834317
F113049,0.5288726924908473
F113818,0.4274980913423808
F110072,0.3982281672531177
F109588,0.4651899881331427
F115906,0.45185776321021376
F120576,0.5009410837550601
F118413,0.5729322743072853
F113174,0.5050038919104688
F108700,0.5088139259951541
F120069,0.5297759780748412
F117480,0.5273187312023684
F117064,0.4135213149841651
F112404,0.43235819132862696
F112863,0.46140921868092355
F103935,0.5494930334396915
F124344,0.5218145496289255
F118087,0.48079548666476357
F107237,0.47273125946644023
F113866,0.4969111026415052
F120676,0.4271149386802142
F106787,0.5445344207367291
F105649,0.48352857270823835
F124100,0.445910961774034
F115945,0.4877153371967259
F100441,0.5007792424936569
F102525,0.4911826336136379
F122088,0.49671844350534866
F118867,0.44889534991231683
F107232,0.34214776137485636
F102769,0.5455587330059952
F110807,0.4920052873159999
F100438,0.48827964485689435
F121910,0.49170289666983547
F111480,0.5469988536976285
F123340,0.4887361380005033
F103042,0.4985362557794566
F107596,0.4662896719456171
F115776,0.4927307747821029
F102502,0.49035317431502956
F111318,0.5480659373905692
F112062,0.5707868236863625
F124792,0.5014621780311004
F122966,0.4698542494438952
F110465,0.4588581605103655
F116038,0.54697778174556
F102188,0.4407361932872088
F122326,0.38291257046246385
F114610,0.5107185936534397
F112674,0.44591126239199047
F113381,0.46823337308324
F115351,0.45811723558869655
F100891,0.37768673770775435
F112199,0.4472460086737763
F119698,0.3748977751808813
F123440,0.4572642864870457
F101164,0.486330780590683
F108790,0.3646694656425682
F109130,0.4921528446885681
F123152,0.5075276586920741
F101544,0.42076138329098933
F103474,0.5237142986628731
F109574,0.539548120839201
F121431,0.5004790999029038
F114966,0.5430101448381368
F119928,0.4523228456022697
F113901,0.43634874447582755
F100133,0.5717764989638388
F114828,0.45667580788324985
F115554,0.4872132488605433
F105903,0.5749247037954419
F123392,0.45532293631756593
F109145,0.5006405984233379
F105656,0.49817263621686936
F111280,0.5578899581055647
F107504,0.3974869500116814
F105564,0.409093052688854
F106909,0.46426569010130525
F116486,0.5247796697439078
F124281,0.49193672817842804
F111436,0.4867875769924158
F123782,0.4615236979910421
F107371,0.5215407467784359
F115651,0.4583534338220184
F116494,0.5153399200465423
F108845,0.35130174766131517
F115890,0.4225345621525257
F119552,0.5607458190941761
F111516,0.5637680845850987
F112465,0.5288165403251572
F100643,0.5281928032108734
F123291,0.45225522712689037
F108470,0.3496761859965425
F106417,0.4587500086147617
F103424,0.46765082898063404
F119908,0.43062488981891295
F105719,0.466707112643447
F113530,0.4181420091078498
F120259,0.39126795815137316
F101281,0.47342215970507306
F111685,0.44001674093119536
F105203,0.37935693493592937
F107678,0.45123169464096535
F119335,0.46602735800534556
F103601,0.4637272782859335
F118229,0.5403149120636239
F116112,0.48518743720673174
F111818,0.5308358444930668
F105707,0.48196498920737707
F112311,0.4768074316057769
F115246,0.4528615922679753
F103359,0.5028235918780779
F120089,0.5570387221006666
F120875,0.5217293393453677
F104362,0.4506839465347371
F114442,0.5343701004770585
F114182,0.49870577370588287
F110118,0.4677531595679605
F106175,0.4424681600117695
F108537,0.5549658544819995
F103204,0.4765387439922544
F124978,0.5121515982290419
F122021,0.504385566236536
F118039,0.48014944191068987
F101238,0.5265647000344169
F113274,0.5208769720041565
F104550,0.48753596534709087
F101330,0.4543532752050216
F116399,0.5499283569101328
F116644,0.4779276786802218
F116854,0.4901674093783466
F104164,0.45348223439652513
F116185,0.5237905723478988
F105730,0.45481912751646536
F114152,0.36481143888865086
F111128,0.44373050677349013
F108709,0.4751657499791382
F115912,0.5242621151365103
F119894,0.4468813259299155
F106493,0.537492696347291
F101189,0.49396165737398434
F111139,0.47529352118898527
F111006,0.5114255872627023
F107577,0.5606828252945482
F117510,0.511288644090969
F120494,0.5344413917364705
F117719,0.4226987127896814
F122879,0.43221222010110205
F107625,0.5567901906144905
F105437,0.42751170698229113
F118010,0.5023638344517336
F116881,0.5052077007567094
F100187,0.4693553154761422
F121376,0.5089898549222527
F109587,0.5234896685740595
F103688,0.4266216891015601
F121488,0.4467931656132398
F117629,0.5141236728291368
F105425,0.5206127219084149
F121404,0.46370179671710743
F118337,0.44718433678821695
F104030,0.5418572559403401
F115256,0.4637871662632288
F123740,0.4424153787479952
F109670,0.5079797478665804
F110823,0.5591748015334337
F103197,0.41465850435179585
F115021,0.401676403566684
F100459,0.4498559511342942
F122047,0.4578200952855721
F113025,0.4859703933662022
F120777,0.4765153493162916
F102882,0.449852470053399
F105070,0.503498188338338
F114682,0.4569579107384382
F116192,0.5123811830425087
F104397,0.5358382614891033
F120524,0.5226368209480114
F119934,0.4794841684854616
F110929,0.5205131919366726
F102859,0.4920125476309888
F124754,0.44066269131661384
F101087,0.4627306247476952
F109233,0.5417560794071954
F112119,0.37412341378285846
F122242,0.42917253943385436
F120785,0.5136083904921949
F124559,0.5105523391773135
F110824,0.49465506727884645
F118459,0.46053058489151144
F103051,0.36742658223278996
F105150,0.46850424138411506
F124944,0.42928516093516056
F103363,0.5273361446589183
F101489,0.5049360360346584
F109369,0.524128767250186
F104904,0.3912540298499611
F111766,0.5577146851155204
F111931,0.44097407358766605
F103979,0.44763101186630605
F110559,0.47480681262925384
F122549,0.4167090306492486
F119047,0.3881237750364871
F106513,0.4947822269307408
F100803,0.3990662956150023
F110961,0.3878120726542298
F107236,0.48266152040777643
F109756,0.5103252894062756
F105762,0.46539700121283356
F110064,0.4666652501449774
F117417,0.4138985586018938
F100074,0.5285200458544261
F109326,0.4434728707629202
F114621,0.4391006969967495
F104151,0.4494935839091293
F118524,0.48755104090762313
F103836,0.38383745070098907
F113787,0.527603414302207
F105820,0.44789567465794106
F103783,0.46710064704151755
F108993,0.4904501397461405
F100775,0.5831901375050341
F107481,0.46408603989674746
F111112,0.42905629851500865
F117751,0.5130746931050383
F112203,0.49695849006550186
F111119,0.5376627374230816
F117114,0.4310592591033947
F111458,0.4723344085415927
F115086,0.5510679752967136
F107349,0.372998270274232
F103152,0.4018811952152014
F103723,0.4891662656807849
F110188,0.3725677942863588
F121282,0.5303045416687164
F111781,0.5354254481139248
F110537,0.4589740452609501
F114249,0.40841803289018785
F103527,0.5287054899919319
F115596,0.4339238311846515
F121388,0.4829527800579222
F104942,0.4422717616956256
F116910,0.5425509806295785
F106905,0.5131283393364348
F112994,0.5691715858162731
F120535,0.44992799030091857
F105123,0.4766145782782061
F114679,0.4311593487931885
F101779,0.5065222308181083
F118270,0.493663203344034
F123714,0.48714290615691946
F112307,0.417263174917419
F115870,0.5585017902569214
F113144,0.37229749144199253
F123133,0.47910428103247216
F114349,0.4684149448825181
F121855,0.437110712613598
F111044,0.44666042538533085
F108224,0.4670728869272438
F102671,0.47961549639225187
F113859,0.5225100780130216
F120245,0.5262891668318699
F106290,0.5260859325336166
F105685,0.5567577741709114
F105097,0.48883423490986466
F110498,0.4723408295159659
F106123,0.4512192449592307
F122927,0.41005453507717227
F115219,0.3951467091389721
F101377,0.4577234951979196
F117468,0.4565870646425403
F118829,0.44881837709804856
F112690,0.44332515574382514
F114255,0.40549523221335815
F111474,0.499323957780067
F121971,0.4779403875680466
F108844,0.5307045531991481
F113348,0.4368675728474859
F104569,0.47388739155290494
F120611,0.46927564997997684
F113173,0.5229663800731219
F118633,0.503075129872496
F104251,0.5946804680984774
F104671,0.4974086340127769
F123798,0.4939601029581887
F116010,0.4812586540888979
F117979,0.523423417305763
F122376,0.5963887956797397
F108669,0.3455064320886909
F115302,0.43774170702211057
F122815,0.5102991708980091
F119004,0.45172964086392864
F118644,0.4359185048595667
F124540,0.5449234581862863
F121332,0.479323767424386
F109027,0.49361428977126065
F119425,0.4822822747525154
F107040,0.4450676081141039
F112722,0.5017679640214538
F100681,0.46948620352698645
F120514,0.45202193765205156
F101855,0.4538687635100648
F123344,0.4435407665842418
F101123,0.4512838207952472
F108986,0.43533150803001747
F122938,0.4741359518661412
F116817,0.47890478290032135
F109201,0.5095738002604987
F103697,0.49761071696229464
F115502,0.40908425821683425
F118720,0.5008134629299519
F102464,0.534434609276339
F113800,0.45083462868669333
F119446,0.40778430845643443
F105054,0.42050386476459856
F124894,0.43605421335808703
F115433,0.4652266155803382
F119757,0.47916233613306547
F120112,0.5688935328289162
F118927,0.49130690840803737
F120805,0.4906643079730103
F112273,0.5194013550228658
F116197,0.4523009356810121
F114863,0.44394042432348746
F118241,0.4653088719571663
F119729,0.4933632256226481
F122423,0.4849763924095961
F105359,0.5224159840704974
F123129,0.4376369478549421
F108755,0.48122865410642224
F109675,0.4448256844393822
F110349,0.38485043512771133
F120381,0.4863975655146948
F124501,0.43036993630384823
F104682,0.5220613033132193
F124009,0.4397663237789995
F108849,0.4541051499112635
F115855,0.3827864592688812
F111929,0.4497967193285298
F116938,0.5019281749265514
F113587,0.5129043344049797
F102665,0.5142628792970209
F106210,0.5093859926434414
F121703,0.6009005713732571
F112925,0.4110564299780579
F116899,0.373611325521614
F124171,0.5518853571239462
F124990,0.48695751074960136
F120039,0.3973539194972283
F111382,0.5040984895297332
F108213,0.4274826087699175
F107820,0.54359832277067
F115509,0.480358963808193
F118349,0.43494011849564995
F104318,0.45824684976908325
F118304,0.5601194840070698
F111005,0.47922769029029133
F106972,0.4819830121629063
F109404,0.4857458215176662
F124981,0.5369906282390928
F122758,0.41073538325491743
F120098,0.5165731365869961
F111347,0.5950268769328111
F115655,0.4785372753022984
F121415,0.4447098768256178
F110492,0.4562969053219553
F106495,0.4854126446317073
F120074,0.47399020866498776
F102440,0.5206228270113273
F123489,0.48005264279175286
F108096,0.568178655451197
F108872,0.4524972602826479
F119904,0.6000877276652012
F112636,0.5373087292066645
F106662,0.4859450898843193
F115898,0.49972940171054536
F112108,0.5937191888255512
F121024,0.5444319381442566
F112774,0.4499787033718201
F111413,0.4747455447420008
F109759,0.452852365944161
F100772,0.43583469193851776
F112389,0.4192355987313565
F122276,0.4507073918937266
F105336,0.4766640031514794
F101607,0.49159805090622266
F121295,0.47512812688248285
F124818,0.5234878863495447
F112531,0.5412951824961829
F121503,0.4715427135884831
F113282,0.5871830827285933
F106428,0.43291616489612106
F123390,0.4187996303360998
F100274,0.3709025411052361
F123460,0.44046509975165143
F105884,0.4738370075601831
F116602,0.4696284780036043
F101451,0.36282474003550697
F105282,0.4746234391087292
F110639,0.48648107756458736
F123126,0.5005835444532182
F122571,0.49299791353524014
F105726,0.47285015594362556
F121789,0.48937594291444353
F117998,0.4513376566619367
F101634,0.5004879398185913
F122216,0.4826287887198468
F122406,0.49526171619187276
F101560,0.48507545991711154
F116183,0.48025418957926813
F120127,0.4576914910611467
F118436,0.4731250443555497
F113853,0.4222396258438796
F119350,0.49874265050494515
F121868,0.47340345243805904
F118879,0.46945025055392353
F112708,0.42506016120039747
F109637,0.5201038117774619
F102757,0.448031045241862
F124866,0.3456868206747743
F102873,0.46072520140520845
F109215,0.5213995980332845
F123681,0.4973584804874476
F117392,0.4697824945451148
F104750,0.4727199527622389
F117615,0.4613189024984484
F106295,0.46313476497324435
F104877,0.5540012697295472
F101582,0.432717172955952
F119339,0.5313159264068663
F121141,0.5188960642016254
F120774,0.4825856699207497
F114494,0.42062368324115684
F122672,0.5035892272672562
F120362,0.4120863219015649
F110151,0.3504698725855116
F108911,0.45236917419917766
F118926,0.44153254051494295
F117352,0.4817665527717735
F103991,0.4022566306857297
F107315,0.4807256153172632
F104856,0.5837301550545755
F123322,0.5072511545851675
F103486,0.5237988506730242
F110563,0.4514729849415082
F111624,0.41920479910437125
F121013,0.3647741727908169
F114715,0.5296306939996349
F118999,0.4576853498557547
F107957,0.510818896386017
F118045,0.4944057101218694
F122002,0.3763985653999421
F103326,0.4780388879477169
F110651,0.48630924491815863
F121518,0.3986384714949748
F104349,0.3697088839712522
F121134,0.4499836181538201
F114934,0.48332938124484937
F102900,0.4999339158467261
F113777,0.48998756645044217
F120023,0.4719693888692501
F101205,0.4898078954106163
F115040,0.5318709578851346
F123546,0.45308767497000757
F108218,0.4552233431870812
F108033,0.5083718645107256
F107014,0.4269226119697378
F121079,0.4493200318364277
F105514,0.4595978086683856
F104662,0.41345514687496393
F119205,0.41924078781584556
F123188,0.5400293202223381
F112304,0.4249238720619065
F122885,0.5148006480286997
F124825,0.455892527239336
F104777,0.4525391032272693
F108969,0.46256687309702993
F116859,0.5389884576542245
F117296,0.530624648949001
F110562,0.6046278431171068
F122435,0.5307215315429437
F114589,0.4674689776621783
F117083,0.5254788551663908
F103683,0.5200992320868034
F120173,0.6012690418126259
F107869,0.4826926344079502
F109736,0.5038867271804706
F115522,0.49040939855125265
F113163,0.46910254918141114
F110841,0.44925787373433734
F119566,0.46504192058913085
F113638,0.5290027593560189
F116398,0.46625289672036296
F109054,0.42365238095937463
F121206,0.44938167064862766
F114011,0.41808286254550064
F108561,0.5183706882121002
F112178,0.4460858348546154
F103775,0.48081726950881654
F117690,0.4765783888055538
F110297,0.54984709344275
F109301,0.5972802792864274
F113691,0.39291947603597
F108570,0.48485282365456484
F110817,0.5958635562772224
F102335,0.513980793813059
F107243,0.4921454466502102
F102543,0.506561162644281
F112852,0.4932406588356768
F124523,0.4697505189059755
F117169,0.5340853461789703
F122369,0.43294429905850773
F121303,0.4591137502348105
F113914,0.48976161498709847
F105755,0.4731679166139874
F107263,0.48392672144063675
F118103,0.520564299342726
F114588,0.4334573737979028
F118190,0.5202395541460638
F113620,0.4342672299985718
F112699,0.4170635881764624
F117741,0.5512090181921219
F112564,0.5724241470249157
F108405,0.47434564540773194
F101225,0.5540603256010317
F114620,0.46876185501418255
F101537,0.4912344658202057
F112840,0.5153189392755271
F124469,0.5771324188562591
F103839,0.5165425757323796
F102778,0.3733167882126215
F100456,0.520880168830216
F102175,0.5904476793009193
F102961,0.4204761251101894
F110479,0.4164689418273676
F116285,0.536461644684485
F105600,0.4837853599206877
F104202,0.5096450792813645
F107740,0.49380085132295437
F102813,0.48235984644818697
F109985,0.4362384253076331
F121652,0.4305442059581716
F117217,0.47129179058326764
F113204,0.5526508947014259
F123432,0.5184950823546395
F124423,0.5736865028830507
F104231,0.471442536448052
F123691,0.45235823752134563
F102716,0.6406806986870965
F115196,0.4496330893765993
F121973,0.43985613496660614
F122877,0.5214057277775115
F113118,0.430885843874525
F121209,0.48981197484937244
F124144,0.41301233494842093
F121200,0.4463221972290998
F111646,0.5702898349584657
F116909,0.4771776530005061
F102684,0.435338579060613
F120306,0.4020061051008059
F117528,0.42496013814255484
F112964,0.47644090288097163
F119204,0.47487067468047184
F103012,0.44386005924391625
F116878,0.5040450582075258
F115026,0.447285914093234
F104929,0.4958782559967655
F122917,0.4064471557493635
F118178,0.4996583451876092
F103158,0.49386151886677965
F120762,0.5111928908807353
F118876,0.4592509184524499
F102203,0.46778775729449684
F104143,0.49829726189167844
F110444,0.4818120166040203
F102595,0.4713963983474826
F106825,0.4086968178931999
F122839,0.5067793800675688
F117499,0.4756902951505759
F121366,0.4586355427693791
F124345,0.5727299398093477
F123666,0.538976790317109
F124745,0.5297598685148894
F112321,0.45444169024387626
F114231,0.4785371655526246
F123891,0.5000918340347767
F100990,0.5271856240829293
F101219,0.4984475579576785
F109500,0.509829765841656
F106709,0.5608190389659484
F119979,0.435789368849973
F122162,0.47880604709989605
F108408,0.3700723386933856
F121187,0.47901744487667863
F108410,0.37230892811354144
F117014,0.40933252462628544
F105706,0.42498652792706393
F115869,0.39574655200017983
F119559,0.4161030473733176
F117107,0.42029711602213793
F101367,0.3506372608350874
F108168,0.519825755874687
F118918,0.47109700401611476
F124110,0.5737484621870488
F107400,0.5649449841552943
F122033,0.49268118918107706
F104052,0.4532282467861658
F113350,0.45752860904409964
F111725,0.4762734731133057
F109860,0.5798441420385148
F115017,0.5135086115862924
F115259,0.4891665216587816
F110154,0.4325460725462881
F100926,0.4839232003128402
F102228,0.41256307437817574
F107046,0.5329110213257376
F108203,0.5005304061871754
F110248,0.5406015084877582
F117460,0.4629973097845884
F111352,0.49894813053243914
F116243,0.5105748820280354
F116045,0.4976729033999615
F115608,0.4550156390243102
F120168,0.4181646393687455
F105327,0.5383706976491535
F121735,0.4891276685262498
F102094,0.49730778432335676
F106989,0.606547783941662
F122140,0.4783225683204976
F124227,0.5072724855388288
F113251,0.44704149555951667
F114648,0.47058815318428704
F104090,0.48121561312198247
F115262,0.41399429246815866
F121671,0.48108203229097024
F114856,0.3993245358634908
F104690,0.424610616196308
F115407,0.3988265829064893
F117034,0.5158248129757064
F100882,0.44586260239930997
F104773,0.39075550474786325
F118047,0.5497881490319252
F106758,0.5353234440215544
F119275,0.42397181297864994
F119227,0.5133697631200844
F100915,0.4268104973999393
F117889,0.43927530354980704
F110862,0.4624819899213324
F115950,0.4705985557093958
F110491,0.4390028936202093
F113388,0.4636290954020472
F105406,0.5124894354225144
F112585,0.4566921002672202
F113425,0.4553800476869204
F119657,0.478184407960494
F114015,0.5144816148646751
F122278,0.4580830102460095
F117549,0.363019646941423
F117269,0.4645712559501636
F102282,0.542944565083189
F112632,0.5300543065758416
F106548,0.4544908695808869
F113371,0.4645875643994396
F100565,0.4936815314809523
F105824,0.3868330715317215
F112686,0.4687905176108357
F100313,0.45292816179134265
F102864,0.45230192401537883
F102561,0.5790021803590497
F117260,0.5098752800950404
F106273,0.4513637578506602
F111251,0.48499048048185855
F100923,0.47177350828319753
F113779,0.4624409164394715
F111997,0.4970689770239677
F113741,0.47549295047565876
F110888,0.4609437671339035
F111977,0.39688674615787706
F123528,0.4119812530066954
F106677,0.479569456799827
F100661,0.5411994212488327
F100583,0.4484031686680304
F123555,0.4705179102687924
F102949,0.5267888934692333
F110984,0.39878879054178196
F120760,0.4731025440392991
F114992,0.4800117403533848
F105399,0.4798267678422259
F101361,0.44123752036242
F115286,0.41572893179137205
F123603,0.48048552464877803
F112157,0.5024524731184024
F103395,0.387034384729664
F122546,0.5138187203767073
F115818,0.4641892720997085
F101579,0.4939279113596442
F102826,0.556179458602365
F112030,0.4632302633608929
F118090,0.5633906718770092
F104717,0.5448300094384444
F107042,0.4423922777238414
F100914,0.4282470724508155
F121925,0.4967882583086015
F124403,0.49085950206665685
F122063,0.486732588739053
F111873,0.4381354490008741
F106543,0.4430093536264347
F120447,0.43158174475670164
F105278,0.5539294560104209
F103430,0.48932355265516503
F121005,0.5095238213811044
F102069,0.41400125509194585
F119160,0.40926815389584914
F113088,0.4310522945400458
F105670,0.48847313730973907
F117836,0.4243335302701895
F121697,0.44063584630014124
F116829,0.4376785378687139
F117196,0.5021969108708244
F120476,0.4193281606729792
F107450,0.4440854219608308
F101113,0.5141797113340028
F119438,0.4871006139077283
F107608,0.4715706564364186
F104380,0.49745611814720825
F113557,0.4754098472992834
F119095,0.47767228813776474
F117873,0.42818698707183733
F116469,0.4574718944470414
F109576,0.5140799453819627
F117267,0.46905573217984153
F108617,0.496589481951463
F113710,0.5130682481407145
F106581,0.5091395554886895
F123084,0.4483403980121746
F122281,0.5111258335011151
F121761,0.44628703535737074
F100696,0.36580426879886974
F114106,0.5005934524694999
F106806,0.550100716794286
F111904,0.417402273381824
F104250,0.47112432137009186
F106718,0.4983062173869919
F113600,0.520528122614792
F105276,0.41513567701454057
F113977,0.440458548773265
F117702,0.4650344029626138
F122564,0.4244820007635156
F110176,0.5565431416265822
F108426,0.5089882601209939
F105515,0.43653405127573786
F103742,0.5396530219666076
F113197,0.4644040385863347
F111826,0.4730680643427595
F105450,0.5220445513768864
F119543,0.4598864369561474
F112551,0.4717166728076846
F110488,0.4485525847062796
F115910,0.46129401545492055
F100084,0.517282520601223
F114669,0.42459232338522357
F113029,0.38643067892701877
F115540,0.5260156440882466
F101528,0.40198299428812934
F100092,0.5348308517742821
F121075,0.41567827728450396
F116053,0.41518015495201865
F105195,0.5442253333324718
F115779,0.45043710496818085
F118320,0.43302214996151006
F113937,0.4825198596884529
F107999,0.5411951932851171
F109671,0.5135041899706043
F119267,0.45018408872237803
F115338,0.4632637973202771
F101746,0.4305513195093467
F123963,0.46878633758964916
F124023,0.41086628455122143
F120213,0.525039440842018
F122848,0.5082446040685056
F103793,0.437721575921465
F122575,0.46439542656706734
F101210,0.4753401643660927
F111055,0.5281954672587172
F103271,0.3595223199576939
F118329,0.42286095878530583
F115167,0.46388417424776873
F121921,0.5540428059800119
F118460,0.5001157855702336
F123992,0.44756898671234324
F119948,0.46472182216858104
F113756,0.44569416476450796
F121581,0.4595312376884878
F104847,0.5203536020407553
F100079,0.49299190859801534
F118513,0.44062671198004555
F105053,0.5521481883022765
F107072,0.4611308140578513
F109164,0.43196648552097666
F115544,0.5001950579846384
F115440,0.47503939211648616
F109406,0.5074989233007721
F123244,0.4773940541783529
F102173,0.44884934402227744
F109606,0.43652318417915303
F103450,0.4161557119768102
F117442,0.4258530382742694
F124027,0.5238272482327486
F107438,0.47565242963005905
F108206,0.5191956813111731
F110530,0.476931703357499
F105180,0.4339502582558841
F101475,0.47960381893798687
F120643,0.3946824410223325
F101971,0.4321315090078054
F110419,0.4646490137212147
F108208,0.5094309181433025
F103955,0.43430479218202844
F102199,0.3926835956306779
F102866,0.5443349821815302
F101469,0.46354320585854725
F120884,0.4513380348647735
F120979,0.43137041063671727
F113138,0.47399382706573734
F108392,0.5131826491145003
F112571,0.4631121479890642
F116366,0.5181328093895785
F115051,0.5268344452117374
F114071,0.5154869375660593
F123677,0.5354443787631702
F100632,0.48032351769759285
F111189,0.5209514136655501
F111096,0.5731136603493646
F102899,0.5386049968440191
F103525,0.6073633379056755
F114179,0.4768154632164141
F116692,0.49910625802465025
F122962,0.5202535741828958
F122941,0.5273632280446336
F116922,0.5415672122846884
F113151,0.5024944655246103
F117317,0.4835136683232707
F108468,0.4850838152138168
F109959,0.44199031855460535
F116262,0.5437942860206573
F124497,0.4284605467338324
F123433,0.5163798365727743
F114656,0.4742345776704836
F104118,0.3827972710715737
F101713,0.4847700323152153
F116143,0.40771557405207237
F103943,0.49428861444468264
F109080,0.47785867679554217
F113195,0.43646381600618617
F100613,0.4763707612884772
F102489,0.49201270078985926
F108495,0.478790118881794
F119986,0.48832457514848626
F103849,0.4124330642818561
F123067,0.36264921944494577
F100929,0.5174742343598526
F110998,0.4132775182604011
F120261,0.4424452795401581
F118143,0.4182737354414112
F114265,0.3948151331813551
F122816,0.4693846217065938
F123170,0.4440043322948196
F116737,0.44108340068825735
F101474,0.3780338696142691
F100949,0.5583489970997286
F105609,0.3816593472308972
F109628,0.4090515557375195
F100974,0.5798576874522141
F117677,0.5273306771721618
F123325,0.43896216705690616
F111536,0.5600134417195242
F100026,0.5418678074331712
F100237,0.47052800020205177
F102154,0.48953756536948634
F107227,0.5336365978473057
F113643,0.41850067247111583
F119359,0.5074478466800609
F108239,0.514752714959604
F101853,0.4896904294598081
F111985,0.4640738569297983
F106842,0.48875863612618153
F102316,0.4456693977821701
F109925,0.4863777260759057
F119589,0.4658230331809494
F121088,0.40404722525251424
F107139,0.5266347034874396
F105227,0.5201326910345634
F113754,0.5140380332157228
F108352,0.4113520616447317
F111743,0.41771319761760406
F104193,0.4466058934762649
F122728,0.4118581679540052
F116575,0.41307618383820044
F104657,0.5403060404909652
F104363,0.5795826118432619
F114139,0.42955196142079727
F108645,0.415295137182551
F115289,0.5061313686700126
F111505,0.5068011988864546
F119668,0.4990501190491543
F109619,0.4647794754782375
F104399,0.4698247215193252
F116968,0.5195687123447386
F112287,0.5027841280921614
F119242,0.4974317578175885
F123830,0.5200834527345719
F122770,0.5867677743768862
F107403,0.5035649354513643
F107791,0.4558505577917983
F123172,0.4082003430925464
F103170,0.49996411838672017
F123835,0.4991624102247396
F107829,0.43813666816994945
F106679,0.48207304868861967
F100267,0.47890357949936746
F117435,0.452570513381854
F121772,0.46224832912712
F105883,0.5189081432890761
F102508,0.4398374644264883
F124870,0.5533378036572054
F122787,0.5430100892799912
F116775,0.420233589031312
F102960,0.4351986082142019
F108697,0.4727168972879433
F105934,0.5114206812300963
F102818,0.5272292076308507
F106076,0.5000324393385776
F104222,0.5151739191146729
F123272,0.54727237373549
F112958,0.5397217895827628
F114957,0.5215928596291849
F119503,0.5406297222788639
F111915,0.5415314131095983
F124101,0.5343100528705014
F108702,0.48393099811962303
F110112,0.5222202485065719
F117032,0.3656490995469999
F114132,0.5497429022709366
F119528,0.5204472023618683
F103129,0.5542721695768684
F123730,0.5006660293824994
F112748,0.5098420209763785
F107833,0.42682351052051615
F111917,0.4964461084896882
F109988,0.4523936530968361
F114960,0.460786345046866
F105397,0.42219990712748257
F117747,0.43731224696932663
F108199,0.5358297401772083
F107145,0.4739703903778455
F115759,0.43240925526741536
F100468,0.47917378863247506
F119121,0.38676685379954917
F108262,0.5132923527402888
F103408,0.4761225048446459
F101847,0.5556072266234341
F121670,0.47153131904743983
F112737,0.5170547857060936
F114503,0.48064117629669234
F109783,0.459551766258541
F103803,0.5045646836613746
F124502,0.45179602764753657
F107060,0.5950474612240557
F113618,0.4437773179332466
F110554,0.46885412616214006
F124142,0.4683159124519567
F111529,0.5815052379809011
F120527,0.4733106575105863
F105910,0.41578749957945477
F123274,0.48605826150846543
F111962,0.49664954502018765
F117302,0.4557552783184704
F101737,0.48961595598140384
F101042,0.449902351701018
F107198,0.5140990927877136
F103209,0.4817981932505665
F103520,0.5481031970073245
F106450,0.5055658353963627
F101965,0.39830297489379923
F101960,0.44212634411592633
F103817,0.5114156800726087
F121375,0.46304755976825285
F120557,0.58042722937167
F112409,0.4525728433982956
F113466,0.5848832882615882
F124133,0.49032702196463207
F119075,0.47172677891778136
F117661,0.4397120790578207
F110507,0.4724305445755399
F119758,0.49398473985311864
F101457,0.5031556590036834
F123685,0.42845334652535516
F110241,0.5482330809102901
F114878,0.49426476850694734
F117812,0.5742725704051668
F108721,0.41749833714448525
F103700,0.500000530645722
F110476,0.5329932864848075
F109487,0.41350738461181735
F115127,0.46592403768803514
F110759,0.5284011669464357
F103714,0.44202705175482604
F104323,0.3787605856753529
F115758,0.3838959306297667
F120952,0.5245826661931072
F101923,0.4476468720387229
F115011,0.48321546378260316
F112113,0.4784290372371166
F122248,0.5439938678222318
F122490,0.49338594517479273
F123819,0.512676175470439
F114743,0.5109626344223231
F124820,0.4544034557286632
F107639,0.42476050184306413
F117117,0.41929856112976616
F104612,0.4551302814785485
F116397,0.4758568873024458
F103469,0.4285951940404072
F105969,0.4678072593288486
F116203,0.4078378108057722
F118077,0.48646024838200885
F117563,0.49496773417624096
F116407,0.56293543879266
F122795,0.5277143513737885
F102453,0.5220134497723177
F114999,0.45827064551949487
F109520,0.4886749082688241
F101513,0.4263976070164539
F113423,0.5617390282482481
F104413,0.40145068109088494
F101891,0.42319792422216357
F106597,0.5129126514066815
F109864,0.4224299100500145
F115201,0.4840900178874219
F121122,0.4882962657841816
F118055,0.4486847831822097
F118135,0.4800269242598205
F108868,0.4984791244719611
F117319,0.5235130607553116
F116707,0.5095928353227771
F108555,0.4207579626960761
F120365,0.46480641542355317
F118616,0.4701876915493798
F101170,0.49138388942655487
F104868,0.39836116704552016
F103136,0.47296971558305134
F112200,0.47355451823690764
F104466,0.43295122112931783
F100659,0.47092431313008676
F120018,0.548661123089428
F101718,0.48584444843881325
F102476,0.39025072697424557
F123173,0.46612806092769943
F100338,0.48202178297975895
F111262,0.3652126808198283
F110898,0.5357479530204983
F101767,0.4127251627840123
F120823,0.4677496577768303
F108292,0.5400543448050439
F107528,0.4885111500772429
F112036,0.5274534729372835
F123031,0.4270206778141099
F123116,0.521752650761927
F119994,0.4320538518589375
F105513,0.5109577529962228
F115625,0.49961588957917746
F102366,0.4368776179023952
F123791,0.4637550056895514
F117502,0.5193004480643801
F105738,0.44460442606734796
F100399,0.4351970003975979
F113562,0.5516511050101331
F124235,0.513854540542499
F122241,0.5094080299512322
F109285,0.41048333155060335
F124489,0.5181570243222293
F118501,0.5136004431860175
F104964,0.5390206145218901
F110120,0.5466956915475618
F110175,0.48285928500078235
F112288,0.5102297463888051
F122352,0.43102490821521433
F119842,0.45402669575371146
F124660,0.4563727692941262
F116457,0.49649293107032477
F106012,0.44530507596016866
F107035,0.41226876131510687
F117519,0.4415885875170831
F105345,0.522226186221755
F113659,0.49235069459936265
F100507,0.49781868898021664
F104165,0.43114051251129826
F105789,0.48534045726415664
F104705,0.44345077766859553
F107966,0.5636214775719788
F121867,0.4674950341446421
F123175,0.5092084144950173
F102857,0.450213450038052
F105255,0.4895289198717674
F118790,0.44472517608818335
F119545,0.39400822609685504
F106294,0.5084281859014712
F112249,0.6083860942851738
F119245,0.4543051077267235
F123237,0.41181517634029463
F106545,0.6073488348874736
F113494,0.5497272271977462
F122854,0.48364342651604453
F115410,0.4598240915963173
F106678,0.45021118992057346
F124022,0.47094043982779277
F122045,0.519192627018124
F115878,0.5227991396230234
F111462,0.4527075008707833
F106121,0.4738113426883461
F114443,0.5589993923812395
F116687,0.49324632107331745
F107590,0.43659938713480345
F103603,0.4607415175669597
F105834,0.6030316758031748
F118871,0.4690841947420382
F121666,0.4907218292797293
F103565,0.5901132723035738
F114849,0.4444269143276224
F124988,0.4855980360578074
F115649,0.5418630294155558
F105801,0.4714559095884513
F109034,0.48639080562958503
F120938,0.4702655635782328
F104769,0.5551737892413944
F101860,0.44846313150054673
F100455,0.3967574498294595
F110707,0.46266705055569035
F114263,0.4653085887395013
F103345,0.5236577077974335
F124426,0.5580689015224569
F109118,0.4165655618978183
F101844,0.5952582128799679
F100306,0.41780496365811803
F101166,0.5268847809223427
F117542,0.6089703598426692
F102326,0.44952887923014484
F122480,0.4686266450186062
F103442,0.5230247133238684
F122230,0.5456311493340272
F103327,0.5579482611779393
F111141,0.487349861697141
F105312,0.5270972798243162
F106891,0.4378097374063945
F120222,0.44892359456777786
F107630,0.46173384376406723
F110123,0.5465133054156512
F104846,0.43533127973599617
F104093,0.523437399403049
F108154,0.5079505613429269
F115947,0.5021756232676524
F124909,0.45011260561395783
F116388,0.4682496824149146
F124153,0.5396853189085371
F113554,0.5233972650713336
F122504,0.5274470464890001
F122056,0.5485962215672143
F123752,0.5910780954985972
F122945,0.5252887001899997
F107968,0.5067503564325816
F122066,0.41310816523572313
F120998,0.4702798154596135
F111080,0.4943215433531267
F109249,0.5742862878471784
F101171,0.4710431162282792
F121221,0.44729781118522083
F119924,0.49453558419000854
F108453,0.48710583629460635
F117250,0.4942684211778686
F107656,0.48906652564454867
F105847,0.5593976744425249
F121429,0.4705647406772453
F112384,0.4823518867184038
F113551,0.5165081350533689
F100586,0.48262804260988657
F115434,0.46082304434228916
F114352,0.46366983294861763
F113218,0.49701356034720534
F109863,0.5145108707025108
F112751,0.5072615187833992
F115669,0.5251120497908432
F119230,0.5013698503765031
F120634,0.5213520302248968
F116680,0.48391808942880077
F124700,0.44711175075511106
F119492,0.4129038001824286
F103881,0.4691961982377
F118149,0.520356919489497
F123376,0.48651708653484904
F113575,0.4808698964172453
F124869,0.5023862437290849
F110865,0.47037020291828335
F114491,0.458538492523168
F118014,0.4504222912122139
F106623,0.4967378932152897
F114203,0.5383583427080341
F105485,0.44256750421297647
F124876,0.47947778613545067
F115428,0.5008350546044688
F107330,0.538305172038025
F105082,0.5184161811637054
F101920,0.4347489111331778
F115153,0.51858895201097
F120704,0.45972213176315724
F115409,0.4088333705342979
F113827,0.47729378221078445
F122559,0.5165812177900886
F110323,0.5036336430177093
F101292,0.5269354754719695
F102798,0.5146841957969637
F110262,0.479809038660857
F120737,0.5746902175296207
F108412,0.420523072202137
F100467,0.5520924272284318
F121988,0.4480223645430874
F110964,0.4919040590569199
F107733,0.5336871448610521
F114591,0.475079694849299
F111805,0.4817093011292367
F124251,0.592046547388769
F104572,0.4605633379472587
F120283,0.4477656781096387
F120083,0.5003101549046216
F113123,0.44007934766767165
F103125,0.5337154075754554
F102432,0.4481116684509286
F100413,0.5292267594320627
F116279,0.43976345366023906
F111647,0.4438561222862972
F113260,0.49175313257372977
F121527,0.5013257222889569
F106833,0.46105037965977536
F116173,0.4156720523272065
F106920,0.4347717239151761
F118448,0.43335600492909543
F106072,0.5338929644885053
F118428,0.4553252676401326
F109286,0.4355541967603366
F112379,0.4914779486704166
F107259,0.5329769935672055
F102615,0.46829296350441674
F104515,0.5177955686178644
F115088,0.48603462280776
F100617,0.49669742959752516
F123845,0.4334293519553557
F119233,0.5529461144841805
F111906,0.48268253526120686
F101694,0.5235942439918977
F106459,0.4604457848966206
F102887,0.4839166522983619
F118363,0.4897523751263074
F120728,0.4083452964505395
F107896,0.489740384452644
F120640,0.4636243162353272
F110909,0.4331512887811201
F113498,0.42076118966644127
F106596,0.46969770398668076
F124318,0.543221617893886
F110727,0.42372164365545983
F124476,0.4256889144081196
F108549,0.48499567141949507
F102172,0.4890166853716532
F111235,0.5264360266806459
F106899,0.5277939329025645
F117025,0.4428151100488372
F108461,0.46411517820734205
F105581,0.45204399015177044
F123577,0.4964669896435413
F124032,0.47793878846848314
F119287,0.47920483926840274
F119765,0.540292450160321
F108576,0.45273829460652215
F116957,0.43806273564135423
F106267,0.5616297897473799
F118728,0.5039704237001392
F115729,0.4303826555667444
F108338,0.4542857427273238
F106730,0.4782445895755859
F100686,0.3706013495702821
F119228,0.5811812219692529
F114238,0.5021503830041077
F115521,0.4427587081275486
F113826,0.4725441060751472
F119402,0.4687267273818825
F100572,0.4002348643882634
F101927,0.4211895019512759
F119949,0.4571258899603068
F105291,0.497008921440816
F116437,0.45318015502113157
F112560,0.5128255351578648
F120251,0.5229247926800491
F116802,0.5294953482189668
F119389,0.39906840414209654
F123820,0.5134239213565883
F115258,0.4740302429038843
F108717,0.4694817618146673
F124873,0.5171345235292426
F114476,0.5344574297887803
F120990,0.46835420016384965
F110280,0.5353709916135154
F118657,0.5570311643050112
F113653,0.4178744160055532
F111032,0.4574831111662465
F113290,0.5046402203287195
F107206,0.42475414725587973
F124491,0.49930260173524954
F119960,0.4891853042354206
F121826,0.47844910976615884
F123661,0.48220648910742425
F108671,0.49627886521249975
F115223,0.44873714802675385
F121220,0.5707224712012049
F114086,0.4587417275466945
F117521,0.4449486299723828
F118466,0.46627899713744714
F116683,0.4069175839168017
F118171,0.41640348761042256
F110166,0.41054052737612867
F112793,0.4923320586082979
F113420,0.5395176644095676
F102694,0.4465528959068995
F102964,0.5485960232552409
F123215,0.47464138614394824
F118699,0.4918868433083715
F102270,0.5275161724841884
F104899,0.492850030404025
F108538,0.5745796333373426
F104794,0.4610814679987578
F122203,0.4722227904012978
F112607,0.5044590462013918
F111541,0.47854652937675113
F113437,0.47857083340956774
F123049,0.49631464280654947
F119923,0.48594181774739453
F120368,0.6038785836706342
F118895,0.4483120165164914
F105660,0.5439748016648529
F124404,0.4896699756406365
F109421,0.5114905173491999
F104861,0.4246784359190249
F106728,0.5284736123900602
F111376,0.4991082399699482
F111401,0.47226150565996494
F100055,0.49490698108947595
F111959,0.36806351084966593
F106361,0.4930545482916545
F120508,0.5023547563108492
F113449,0.4107929290967557
F118005,0.5037026412097158
F122601,0.5046627744894645
F108612,0.4692148545647423
F103755,0.4687354060564767
F121622,0.43646043707245596
F111010,0.518919318236567
F119381,0.3746595269417911
F122703,0.5186393000815901
F122400,0.5154784979521545
F110796,0.5779897903202756
F113331,0.33943438917746604
F101594,0.5133643687146479
F107465,0.515374145372683
F115404,0.39271902680768234
F119621,0.4942202723278891
F106096,0.4425003172260009
F104825,0.4774822235607594
F109950,0.5027981378057744
F103011,0.5177606572932527
F124445,0.43215219933095583
F113394,0.5216472401468517
F116310,0.4103467145408195
F109653,0.44367033350918744
F101906,0.3849484976729887
F124258,0.5061381763247152
F124771,0.5788338300082454
F104353,0.38489303352736437
F111615,0.45370963031622114
F122025,0.35691252579749655
F105961,0.459038891558354
F109044,0.37596328484203106
F111966,0.44532737776420594
F113616,0.4534526838665133
F119714,0.4871898079424536
F123900,0.446767652907497
F119073,0.5121167765355068
F117729,0.4802182725331827
F124451,0.5546359121168944
F107197,0.40409335956439074
F120751,0.46684037541185974
F122533,0.5394877739632928
F102762,0.5191566269268273
F112275,0.43027698849278473
F122233,0.5090556282948593
F117584,0.4431529732106068
F104269,0.5398176028345223
F105982,0.4069471857226922
F103443,0.5037402202315231
F103575,0.4647673811287639
F119326,0.5510511139611234
F112593,0.4500098833616256
F122920,0.4755139654052891
F113150,0.4791639376747502
F119218,0.4695954506443414
F123532,0.49039907075690947
F108517,0.524320973701065
F103185,0.5534768755967834
F120372,0.4819012628470871
F120711,0.47404617719185216
F122751,0.4430969328276727
F117148,0.5145797983873158
F101382,0.4435242813960102
F101336,0.5004200370115796
F114429,0.5302642190858942
F124005,0.4996492937247843
F121138,0.4810835777776339
F109305,0.3552534443535017
F119626,0.5199031142722161
F117122,0.45283449917800206
F111279,0.535572582203163
F118491,0.4596359162953726
F102456,0.41765989065533765
F110852,0.5578921008109071
F100668,0.5276525506440508
F112299,0.4773800323620454
F102114,0.5002424917066732
F106204,0.4435894993182836
F118897,0.4541969981951116
F116517,0.5154009795325891
F113990,0.5056768506297062
F114506,0.47131696879420215
F111654,0.46221503322745994
F106633,0.5123446125949522
F122762,0.48219017858042956
F100699,0.5532243313930829
F109879,0.4436063959723182
F120356,0.4927868919118079
F118778,0.49506391211849354
F116747,0.4720860859440408
F110375,0.45045819671485376
F123738,0.38951460978155583
F105665,0.4540284565548526
F105816,0.38293181716880514
F110774,0.45720092561199743
F116115,0.47849883875460786
F109791,0.5431745514535338
F107067,0.42463601900843273
F100460,0.5028417021643088
F102418,0.45733166224958194
F124231,0.49089089441036027
F114886,0.5476866539040097
F106252,0.49236826148166557
F100257,0.485787404925223
F104943,0.41961147756543826
F121152,0.4579689964033996
F104356,0.4840730531742765
F109046,0.5580738371178153
F107920,0.4026700831095932
F117808,0.5592302770322419
F103777,0.5377127706277871
F111618,0.47792056252195503
F115354,0.4369655209365811
F123315,0.44366184036754186
F115553,0.5546135475103653
F116526,0.44673797029183415
F105329,0.45006968187972984
F108922,0.5087398878775149
F100893,0.38670891871090296
F108787,0.48310350006719727
F108348,0.4995412705330621
F110392,0.48428901303534977
F110074,0.4201717454526557
F111830,0.46906803845238854
F120265,0.46817724397413996
F115731,0.49178021458696675
F102463,0.5561598956864147
F105099,0.4697362051019559
F107372,0.4602629525907953
F120004,0.5242793655172151
F123034,0.4720105656122877
F103792,0.41306310206247443
F107862,0.40562054553333116
F101764,0.557916173837028
F123095,0.408597604614133
F115157,0.48450654829285744
F105695,0.44880069833702624
F108869,0.426428042028678
F100805,0.5021929483564043
F106507,0.4975664819086798
F103990,0.41416609238619184
F100408,0.4178448306971718
F123377,0.4620929386474306
F113528,0.4704967485812027
F121163,0.48758144344548615
F123739,0.502882791528571
F108321,0.5786693158418614
F124918,0.5572620926966482
F104700,0.5037929214571004
F101840,0.5099670437365749
F123321,0.4439031699374474
F102877,0.4509379854420013
F107592,0.4707442230027794
F114582,0.455463040224489
F106039,0.5079961499225301
F112757,0.5364178054372308
F107563,0.4217876879504505
F117984,0.5258932145082149
F105387,0.4911165444482074
F112488,0.41651041546015827
F106570,0.47919987171973977
F110540,0.46380415442142975
F109644,0.5447408850382391
F100400,0.46455790688632226
F106529,0.4140113558332959
F108678,0.3952099518519423
F104019,0.42515786224586116
F115149,0.3909049430389373
F114767,0.5000199341646223
F103317,0.5060471821858948
F120789,0.45110394838253354
F113443,0.4481908661522479
F115974,0.4942127939850276
F114782,0.5432303449055147
F119745,0.4955181770028767
F116956,0.5036481015441534
F115065,0.4690821767029445
F110714,0.4397664811237074
F117141,0.47375698889047113
F118792,0.5848547740958396
F122720,0.4897333078552193
F113797,0.4441284474743057
F104571,0.5249298678016294
F110673,0.4994687294558474
F123743,0.4964938038270138
F109381,0.42646835565939506
F108237,0.4328999898792016
F118188,0.4603215344718732
F115807,0.4861269074909861
F102869,0.5512320308177379
F110114,0.4989216922644121
F113857,0.5254603628670522
F124597,0.5672639895805422
F114156,0.4905045831627477
F113250,0.5445172149603885
F111792,0.4845289509551739
F120739,0.5408829419310721
F124167,0.45774080353247004
F100259,0.4885592620291499
F113089,0.4155270059410746
F108918,0.45645102876318144
F110007,0.439075894683974
F106111,0.5733126440272575
F110720,0.5419183851225708
F110040,0.5312736939545295
F118599,0.4341844012197312
F102617,0.4254370032184288
F103444,0.5200632533307705
F120318,0.4870450774926982
F108864,0.574671117862427
F110043,0.53016098903245
F106282,0.4776534670775573
F112276,0.387353050953728
F100776,0.5858728837808564
F104307,0.3941000610498593
F122548,0.4307210691954594
F118663,0.4870035120207722
F114708,0.4728937385903893
F124741,0.4967719959158151
F104456,0.37860480933326285
F122574,0.4355733241947527
F101496,0.5850823928207896
F108394,0.3976156261993413
F116509,0.5206728063427376
F106097,0.4485251588322753
F113324,0.4947420428472489
F118593,0.5191733380673587
F113086,0.4990769792383666
F110808,0.5443671500405016
F100136,0.3665209226656672
F101989,0.5184587087116153
F109684,0.5125877780403227
F103649,0.3593115220119245
F100141,0.45576712823778875
F109178,0.5072366113935658
F109905,0.44959803142802424
F101922,0.5104839131097123
F101696,0.46730933761552285
F115422,0.4661091302822664
F124874,0.481102231749697
F116487,0.47890769320968474
F119951,0.5003928187687421
F124326,0.45082504403488344
F120829,0.4350890616607449
F119119,0.49076588152641765
F114796,0.5579521211044369
F118840,0.4498983839971219
F124248,0.40385255448303325
F109580,0.4955505422088181
F107136,0.4840462993529072
F104787,0.49082124671323624
F115471,0.4578415645719465
F123749,0.4973984525484402
F114393,0.46255684006845676
F107114,0.5233912006649647
F117290,0.4566416776482642
F113147,0.4795354817164177
F109220,0.5363772127693043
F113488,0.4855344748258127
F105614,0.39224574042894933
F117192,0.4606733700157847
F104578,0.48979837954958083
F106195,0.4883597010755887
F122859,0.510963380265687
F114905,0.44906984987718535
F109680,0.5135897022103637
F109739,0.42888436993701007
F108604,0.4403566867319936
F119926,0.3294971133568775
F110659,0.4482224880793893
F101133,0.4436408626660281
F102359,0.49187293915513564
F115119,0.5555592099242903
F100481,0.43184657418345285
F117859,0.3610188315891328
F111367,0.5335429390228825
F120758,0.5300027446820679
F124992,0.3999155652702949
F114467,0.5269625107698852
F120538,0.5490003722605434
F110162,0.47505917889077065
F119008,0.43180189585344797
F122180,0.48717085858289133
F106379,0.5015398644327065
F110006,0.4689203537097508
F110663,0.44675886725830916
F100436,0.4092476466121704
F112795,0.5075738586021514
F101091,0.5254819817423058
F118900,0.4670351513650589
F101816,0.47482972417664626
F112398,0.5114173541845548
F106224,0.4769652904305044
F123501,0.49978580774906295
F103475,0.461503615086612
F102363,0.4601471320487963
F105358,0.5309737770550325
F104829,0.5295993828606946
F100457,0.4332319501460438
F107272,0.5195126156473802
F102041,0.5433075391646056
F111053,0.5683699858227849
F100347,0.5346136249241258
F123204,0.459178167778436
F108279,0.5437013603987226
F100616,0.4477311100794581
F108313,0.45190405296883257
F123197,0.4308921797926242
F118854,0.528595396518915
F100132,0.5468265798786298
F112656,0.4081231174001759
F103975,0.49293781508386747
F119818,0.45600461047261354
F121143,0.39404367936733287
F107244,0.4347265412411863
F108060,0.46309917972426373
F122894,0.5047601125404518
F111741,0.49646012102664194
F100069,0.5533403239420522
F106307,0.48429458832695627
F115312,0.48375752407235595
F105512,0.39691610936590715
F106320,0.5706449934598008
F113802,0.4732836126125223
F121722,0.4989592958340243
F118239,0.45907478243160216
F111846,0.4697240962003494
F102514,0.5829909160857707
F121294,0.4497194995140429
F111037,0.4890176899973233
F115006,0.5154777522320606
F107019,0.4264538066281668
F113761,0.4704749086879976
F111747,0.5082783202050909
F105680,0.5037874315676987
F111048,0.45975031055693605
F124061,0.492937055123849
F115904,0.4499461819316639
F118516,0.3132277487363331
F123588,0.40442537660344063
F120515,0.6066973653620615
F111559,0.47956782565937706
F106530,0.4925824095932023
F103372,0.5383585999124942
F111819,0.4939729106034024
F121033,0.5122174034533974
F108710,0.4876227909777813
F107884,0.5193111081978474
F100319,0.48325941780591797
F105786,0.5616687246899825
F102699,0.4795974500196173
F113881,0.4543976985098327
F117405,0.4532719059658309
F114220,0.43964978154765977
F113586,0.3493492970572021
F106525,0.5291712327652105
F110030,0.46962615397202934
F115547,0.542355451858527
F118093,0.43042595825605257
F118288,0.4964894319203883
F117867,0.43741799603057896
F110432,0.4682738780306537
F106511,0.44146838235816077
F103281,0.5211709817956376
F104923,0.4739432717976265
F111180,0.4628844132342653
F105481,0.4472594964289938
F108121,0.5764839966936759
F114918,0.4731617559183794
F109409,0.4527391049533407
F116426,0.48576299377764065
F117672,0.6151453542515867
F101721,0.48427312523261723
F109833,0.6039023638232559
F111326,0.46099639364247214
F123753,0.5244095417427215
F113958,0.5299087352921117
F100596,0.5284801166502637
F113235,0.5244419925938919
F114019,0.4076007558313496
F115717,0.49547320713432597
F100113,0.48962632962569175
F103440,0.5203917756285663
F121111,0.47993714073931404
F124067,0.47349994904172543
F113172,0.3772042816624525
F123524,0.5032596732893524
F114516,0.4975247583289141
F101435,0.4866160966113632
F120671,0.482617531612481
F115009,0.4325990371609776
F106993,0.47959558108149225
F117466,0.4310332485371169
F115617,0.5027719825512866
F105878,0.42791272717532036
F123053,0.4324573900157047
F123785,0.4440602030085663
F114574,0.42308966795281533
F107437,0.3622830950432367
F119096,0.42976056833075316
F104087,0.4524752059987606
F117074,0.38665326033292235
F122044,0.46816330217393287
F100786,0.4667597867780271
F120152,0.4538781826183931
F112490,0.45744800410428854
F119390,0.5003766850275823
F111026,0.4977135089397138
F122510,0.43237568765428036
F109558,0.40536991342105066
F111445,0.4527502105384092
F117942,0.45297935057268485
F104579,0.5322088330554007
F103727,0.43066361765342637
F106317,0.4325420105004397
F103178,0.5720804246620939
F117328,0.4600505210861342
F107768,0.4470419866131826
F106182,0.4213165056138683
F121044,0.5464321564646739
F102099,0.4661564963137509
F100232,0.5019839330015818
F112679,0.4554756341404456
F102509,0.5132371999249581
F113624,0.49709126801407977
F114772,0.48839207808547525
F110692,0.5417482347339615
F104192,0.533578715833612
F113629,0.5294972357082457
F102074,0.5124151349229661
F121676,0.4295222810099004
F111755,0.49988381999646625
F114514,0.4892031275204842
F120982,0.4583635529270982
F112752,0.5798929138579412
F120043,0.5094210048460599
F108265,0.4538751824551457
F124681,0.40373275165901495
F108606,0.44923198233470973
F112858,0.5086999101183594
F121092,0.49426451162165064
F101178,0.5099873717778236
F107149,0.44271331500241135
F104620,0.508536981649842
F108318,0.505190733038891
F107654,0.4387988890850305
F124896,0.44298338359295975
F116837,0.4331340379154
F117222,0.49876952518473117
F120007,0.5547897124395318
F102435,0.47109771548846535
F123038,0.5320850765141185
F116970,0.48086168764121806
F113000,0.47056147172709384
F108487,0.5100603673387303
F120673,0.449201297115417
F120239,0.515124169968577
F117180,0.5156300404114558
F122650,0.5193334257524904
F106958,0.5212639288935688
F114174,0.3391236582672984
F121865,0.38854720553246536
F117237,0.5032611052617448
F106635,0.5147406714273948
F124182,0.47996477209610977
F120917,0.47060948900262
F110858,0.4557273869476183
F119426,0.4410913039164801
F110089,0.4562389838653021
F122620,0.4423937855813022
F101935,0.5057389312045317
F104613,0.48423808007956337
F102298,0.46636332448035533
F120586,0.5010054158183956
F100046,0.44895745886995075
F100068,0.43463803027661385
F102329,0.4910069740066477
F105785,0.5000164681008095
F112586,0.4637161064565317
F105272,0.36564552284223245
F121977,0.4685940966348616
F120410,0.4541367087570274
F115283,0.6047471598241072
F108848,0.4052528397583639
F115528,0.44770757609603545
F108267,0.47160397027923806
F112105,0.4926953280959814
F101488,0.499756345582132
F114547,0.5001976353352691
F102462,0.49913919949414287
F102570,0.49773766895078875
F101198,0.4785340112145372
F121192,0.3747252294769384
F117306,0.5099753796515692
F117285,0.40089983786250466
F107695,0.39347857672911035
F124003,0.45324090428229236
F123512,0.5175233447306877
F118443,0.49139903000395724
F124277,0.571427242654253
F112461,0.5536843518022811
F110384,0.43741274344567704
F114740,0.3884488552286785
F113960,0.47608483832878656
F103179,0.47291452371367715
F117723,0.4953228241534223
F120387,0.4668984460573009
F100111,0.5203322697802979
F112568,0.46194242079302084
F107646,0.4698039165515181
F106897,0.49443074367592965
F100238,0.4827138818301717
F103622,0.4046053453109699
F111812,0.4519480282413614
F103416,0.5476611112844905
F123299,0.4653090797144932
F107544,0.4526240630083638
F110978,0.4677545144097337
F106090,0.4763860526001994
F108764,0.5129424430476834
F100397,0.4716944552821539
F116463,0.5054827222843279
F116126,0.44851935252319675
F120209,0.40465635036541714
F123346,0.4725932337452582
F101739,0.5131592844447483
F108434,0.462316116869151
F115005,0.5252958483113259
F123862,0.37932194364306066
F124180,0.5344877267006702
F124448,0.4337662190110205
F114337,0.4623253373136942
F103674,0.473420348339494
F108345,0.48005579574403834
F115688,0.6044723346820888
F110266,0.48996158261188427
F100735,0.4714187253566807
F116776,0.5344819265617711
F117603,0.48689989300767333
F109916,0.3851037243390505
F105859,0.44732875748971435
F120267,0.5622895475856642
F100041,0.42129777864099766
F114112,0.5573329517539523
F122517,0.47554592979093413
F109629,0.44186547458381753
F112903,0.4163164502516991
F108998,0.46030512860434436
F108069,0.36234133927865986
F116501,0.5435574656990563
F105122,0.4667847947261202
F112860,0.45629558944621296
F118610,0.5255524789835833
F105353,0.368606898454824
F123045,0.43552640171341456
F107278,0.5121099701776133
F100318,0.4314752529549496
F109681,0.48459756604456117
F101889,0.5444007057281223
F100483,0.42360896872166026
F118673,0.4825280146767271
F116600,0.3919677558950816
F116252,0.4889753939787237
F112777,0.46205731533832917
F115402,0.45147111980263444
F113566,0.552097254315613
F119293,0.5089444727228172
F110165,0.4434595683654372
F103713,0.5789131653942345
F105509,0.4756671713014353
F120449,0.43182915033822294
F120972,0.5569527590744228
F104940,0.45207109866404743
F124352,0.5482241174990397
F119526,0.5395815860406816
F106770,0.4489218465208098
F104770,0.4007011228701155
F109952,0.5124185393835992
F116873,0.5524202888166616
F101875,0.5017039162181689
F111046,0.47251743221216913
F117438,0.4531089864846134
F106212,0.538450052607064
F109351,0.444095685170184
F110387,0.5401980426705977
F108809,0.4987230583082949
F119580,0.4481337082345488
F114125,0.45081752836294575
F112232,0.5483911876165883
F113903,0.5262680920724951
F120591,0.5526929232274433
F114403,0.46883411136281605
F105295,0.48984597097659366
F112464,0.593073692526173
F117381,0.5019905805179401
F110755,0.5035748260081969
F118218,0.5247806944821085
F113302,0.5287162423657383
F106722,0.3688368343047752
F124082,0.46131445264515936
F113021,0.5652521938997097
F102532,0.5254560309608323
F121063,0.4864308434989696
F101080,0.4993834930197665
F104395,0.5515059689616191
F103376,0.4406175975082639
F110041,0.5365658841709615
F111916,0.44757104261116526
F116200,0.47058096897858337
F103431,0.3866767250614406
F118538,0.42019204833983836
F123514,0.5529426820897934
F104533,0.3469104821715706
F103570,0.4570770427235158
F109084,0.4365441499529692
F114609,0.5191765182597214
F108504,0.46060490317498404
F116434,0.4459321645667757
F108227,0.48407991364380776
F100127,0.5715951297489138
F101259,0.4312887874834645
F107802,0.4917281268914613
F123662,0.5273086340657058
F123505,0.41708978330061375
F103341,0.49743316683987615
F101878,0.4755800974750556
F122335,0.5492016914160773
F114926,0.5172410907172007
F112749,0.4823789982744421
F120743,0.5680608651467542
F102372,0.4225751461716095
F120013,0.5333395421912548
F102001,0.46178252420611643
F100244,0.48050228902637604
F113693,0.42619353297371476
F115722,0.3710529888239956
F101725,0.5219780657449347
F114785,0.4745416397611485
F124588,0.46050088387717425
F118819,0.510551506147572
F103671,0.4783557312543243
F111594,0.46739469665899347
F124455,0.47254122039429924
F121918,0.4965721173895664
F122591,0.4760851696979814
F113369,0.44716508642088154
F118722,0.5210029227181028
F116016,0.4532310726361003
F113935,0.4752806283045308
F109356,0.4711153794773617
F111987,0.4563316148312627
F110258,0.48724540722566534
F107097,0.47016168338864894
F112730,0.513382013329932
F103556,0.38132716231399233
F123019,0.4903864365386761
F110793,0.5347179651659498
F103710,0.4752398027264796
F118667,0.4400705963719649
F108881,0.4986949264173848
F100493,0.36506471164307
F103069,0.44598460055514394
F121785,0.43107561854464727
F113336,0.5486766180848319
F114546,0.5363336277848156
F105586,0.37641206555309314
F104295,0.4815777634590206
F102582,0.47939821927478
F109445,0.45258526385104514
F103267,0.44876279457284163
F107720,0.4781731660048991
F120164,0.49561250767816645
F113248,0.5519024951512554
F122136,0.5420437456052745
F107342,0.49898618265542116
F124093,0.46802350791394176
F113243,0.542645878150281
F120506,0.43812330516882847
F102954,0.46924134342854074
F112163,0.5184722102109716
F115510,0.5058859658268364
F118183,0.43302729228468106
F121201,0.46013898215992644
F101329,0.4827335768905373
F100788,0.4178110290763799
F119650,0.44739425253663556
F102550,0.514404277274674
F107739,0.48758101552395483
F114153,0.35981476678542723
F109546,0.5371254334082496
F117778,0.5278051025458266
F103118,0.5216937797171293
F111196,0.4106960683191647
F122656,0.3727956288753276
F115843,0.5002611530092536
F124569,0.48814582503723836
F108409,0.4124454988088838
F124571,0.4500580814040803
F114093,0.39940772739977387
F103005,0.4241768451652429
F110783,0.4128894552643064
F110012,0.4966010134292489
F113210,0.4300759793693705
F105146,0.48065260875598426
F105652,0.5443061103430795
F111864,0.5307143962697772
F121625,0.42172745395733935
F108092,0.48732182863250295
F119396,0.463400244901902
F107290,0.4906612373893048
F109707,0.4257893903765929
F103049,0.46553183410342935
F118042,0.5263201924227936
F121709,0.47543686294376175
F122875,0.46222563077570245
F115222,0.36309435896674336
F124603,0.4720186038250844
F115790,0.40057378003336275
F115559,0.44996861886698536
F122931,0.4621878955396431
F123003,0.49412135326363804
F120315,0.47277243761199195
F106856,0.48695999788452016
F105944,0.43802856825216396
F119016,0.4563098503919609
F120432,0.41061122607612155
F103390,0.5324944037112713
F123832,0.4315357760837917
F104267,0.45013377241622043
F124155,0.46101873473691046
F122499,0.497483945140769
F112590,0.4541538036010907
F108794,0.5031072964652344
F117884,0.4563900874782433
F101414,0.428875201314868
F124838,0.46601369961935346
F120618,0.49710954403527674
F114940,0.45492396374758504
F116288,0.45504200810155
F104706,0.48228552120085344
F119711,0.5183164152811848
F121160,0.41879195017642146
F119881,0.5101782543421697
F110371,0.5575477034986162
F110281,0.5194667415091478
F121284,0.5138975054135122
F114100,0.4574703999568664
F120596,0.39563601074019195
F109962,0.5108345446613782
F102036,0.5098258041068013
F113259,0.4815201728370767
F112953,0.43210942808849395
F118878,0.49824241122571233
F108423,0.4597546056288019
F106936,0.5305877114135265
F100189,0.48276697565774085
F123756,0.5486261414830039
F124602,0.5912054297038032
F106319,0.5366264556909957
F110584,0.47810573733856876
F118770,0.45284557759767624
F101006,0.4626345812426026
F107568,0.5316219907292457
F124706,0.46298599362959447
F106804,0.4061570077468395
F117933,0.4430901741650113
F122431,0.4338224457611476
F123497,0.44323484379375655
F113675,0.42842299900154057
F119945,0.48039936389874793
F116032,0.4986089531974388
F121432,0.4302040444401507
F103034,0.5007981182101715
F102413,0.4393016122549127
F123265,0.5150201152656888
F115676,0.4937997240174784
F118594,0.5709659968266532
F124788,0.48671887856471185
F117485,0.38714397890577723
F102109,0.46663280258618123
F105283,0.4426146252098402
F105569,0.48213261653297756
F123605,0.5082162075275471
F122857,0.4184788774945353
F118086,0.5722062223272242
F106134,0.4724452565080819
F103631,0.4810339631933034
F112675,0.527755186807119
F116646,0.4799409045703005
F115298,0.4867736064913619
F115971,0.4242943688619531
F120695,0.41408033218096774
F101541,0.45607474627929145
F104516,0.5015408145229747
F124852,0.5745694510875441
F117490,0.5402346439722325
F123294,0.5177087158099489
F116042,0.4810340913631008
F115598,0.5191733514522043
F124606,0.5055818488042515
F123131,0.5089976007209818
F114418,0.43253964937470535
F102839,0.4150530937013943
F121594,0.4739424928655104
F112979,0.5029395213474388
F122535,0.4051544777571665
F122674,0.4421268956830332
F105220,0.45273321161244484
F105256,0.4980140779329566
F122730,0.4769019910215403
F108822,0.4517584663592129
F111793,0.4480936007271249
F123812,0.4647526331173647
F118476,0.4106812827429773
F120551,0.49954559836683377
F121677,0.4711861433971427
F123876,0.47941083350597513
F121835,0.5270850947743331
F100352,0.43505437544874764
F107783,0.5185502075860902
F119602,0.5933033154499141
F111614,0.48275593323230614
F112908,0.4981999251818401
F121458,0.4049390637766273
F116574,0.43234589518599653
F122101,0.5440754632088263
F110102,0.44372221022938474
F113364,0.43812483751957576
F119090,0.5606363252640354
F117669,0.4149435135701759
F107548,0.5172299285770963
F111353,0.43810251418946233
F107793,0.47920535367921235
F109456,0.44968969987831275
F119190,0.5298382942830405
F100871,0.41596423148725936
F124789,0.46550750738700575
F122820,0.48543609051396563
F116446,0.5273344282764156
F101547,0.49481801897725497
F121456,0.4766978410993654
F108139,0.49653061598972814
F102688,0.515659141820215
F100211,0.4936055892923177
F120738,0.47448265565680636
F109492,0.5492531016345414
F105571,0.5101382517438973
F113667,0.4699062843228876
F109585,0.47959371633542813
F114159,0.48063338557759283
F115270,0.5630314924742301
F117514,0.4897824561935612
F114057,0.43230503873520043
F111332,0.4835519494909605
F114967,0.5437525229573503
F122004,0.39924989000158306
F108552,0.3786757735069656
F101761,0.4665026283318281
F119131,0.42835804817461576
F102445,0.5626688802021619
F110385,0.4977911220668384
F123025,0.3718808065849877
F103895,0.5409761691584316
F100394,0.44195184837957385
F123103,0.5114875629350711
F124655,0.4992581027291222
F106034,0.5436394727474403
F109975,0.45465499928906095
F100749,0.5361815313032274
F124485,0.47007846512929086
F121707,0.4536062710699682
F101121,0.5021789995791821
F105246,0.41435164334971003
F102499,0.5203124592468378
F102212,0.47960720300179716
F115575,0.4656040098418336
F113552,0.5074571305870714
F105535,0.5233003324593447
F113396,0.4544766889650057
F101324,0.4916072302966402
F120553,0.5674832219348462
F104704,0.5281953442507057
F121960,0.4487313619995973
F112070,0.512732930926897
F121825,0.442109926466567
F121673,0.37065577781531683
F103434,0.45203825232202377
F105296,0.4122001225961909
F122516,0.4482091141978848
F100670,0.47615147065100827
F104567,0.44155775115392826
F108055,0.5044457318427432
F106746,0.4615315613470019
F100150,0.5221409312874525
F116429,0.3561250705150504
F111914,0.3799750679974541
F101880,0.4807613581366156
F110294,0.4810569528740968
F106303,0.45554295465653694
F122586,0.47862527945602984
F102804,0.4730301433367565
F104494,0.4394050942267858
F117225,0.5048442050208684
F104177,0.47815753476698974
F107056,0.47399459742289984
F100299,0.44052457158454816
F112302,0.42393430142019184
F114859,0.4353763304088418
F121982,0.5648210576185284
F116403,0.4719636122410502
F119557,0.5205193086831994
F104582,0.4926310828661169
F102354,0.4089331960488285
F122838,0.49698303986095493
F105431,0.489054098087088
F123713,0.5240529022625122
F106613,0.4930373255117244
F105958,0.5008874721827439
F101181,0.5080658459436711
F104204,0.5159072534454263
F105710,0.41167944168472315
F107665,0.49230059998662734
F124567,0.4938190657680511
F123109,0.5308968997803809
F103918,0.467549316329701
F124696,0.4017260425669976
F117096,0.5076154711552971
F105187,0.5077902349686076
F122220,0.5090484678198257
F114107,0.47472178700235634
F112136,0.587610700418625
F118032,0.4305715665185171
F109142,0.4838254933696363
F106222,0.45560435044781467
F106298,0.4267993356455341
F101655,0.553377053382337
F108665,0.4909695738801988
F104263,0.5406604618840762
F123869,0.5099027349160248
F124312,0.4716648521360477
F120942,0.4103231386324502
F107799,0.5162274125704218
F105173,0.49927873792469224
F119324,0.3967905202851354
F120332,0.4891016188573668
F114902,0.4961046178944676
F105902,0.526870883445183
F101001,0.46816466016420333
F111473,0.4013939223856764
F110267,0.48063085199127276
F102348,0.5154315879546313
F118913,0.43519171868769024
F116563,0.4897827198004626
F110458,0.5552120682469152
F110179,0.47091913880175484
F108014,0.5915370070800001
F102159,0.5278007550867948
F118487,0.4767719546492367
F114608,0.5015186151500818
F110313,0.4722794144174648
F124704,0.42263934629362027
F102057,0.48467022855899056
F100241,0.37023054560899055
F121196,0.48164250473568593
F107331,0.5416445274858346
F116932,0.5135895326251205
F113258,0.4992859834022917
F109453,0.507195928607246
F110831,0.4734749996896507
F116694,0.5810399395831249
F100843,0.4858730191800247
F104817,0.45840039060387994
F103448,0.49343849145686824
F109161,0.46548355322664314
F112255,0.45987837676058463
F118347,0.5664130672861538
F108525,0.5566068332364835
F121777,0.5197221475909655
F110202,0.41810846436164034
F122209,0.34710932894232716
F119286,0.5201353514626992
F110827,0.4116457899178454
F105330,0.43553177129630727
F106960,0.4658307802709257
F116733,0.4895231075386486
F114348,0.50887988756444
F109408,0.4876967597548483
F109497,0.43090966767413025
F105552,0.4090367519515509
F109376,0.5395558462518819
F115208,0.42359767932061576
F103353,0.5286034249824727
F104806,0.4883696445686162
F103276,0.5132567022061499
F117153,0.48315565282878226
F109447,0.46880646855242436
F117572,0.46271510469988664
F120533,0.47203911052653125
F102829,0.43865593197866215
F123721,0.44701650460556674
F117607,0.5706266864782981
F121646,0.48163675057480815
F108865,0.4763999431999253
F118222,0.48984362616228116
F116585,0.5153691168106496
F100804,0.44145356954211834
F109867,0.48041031283401436
F104274,0.4586688036340978
F122752,0.4306022856900462
F108635,0.4776430015408616
F115699,0.4610837484672762
F109846,0.4169487142041801
F103151,0.44545028810705245
F121216,0.43508314004020643
F100833,0.5452381431583416
F103664,0.45394900967898033
F114986,0.4516866602245345
F106330,0.461772821927676
F112616,0.4024797635330691
F117516,0.40328984982984806
F103206,0.37923404802544103
F102168,0.4099344032923903
F119550,0.4802242913423964
F117544,0.5158478333317278
F111964,0.42591572066623173
F108758,0.4198575198616147
F122380,0.3795136469739412
F108388,0.450197053338949
F105221,0.43907726554804294
F112011,0.4921762201694627
F122060,0.46505755774304414
F119625,0.4862451808279593
F116159,0.4385946695450721
F118197,0.4155656734515346
F122855,0.47654565480898436
F103280,0.45508032335980975
F123066,0.5103759507930894
F114489,0.4619158327512147
F113341,0.5051183624082076
F123104,0.5103032875160791
F121913,0.5263739435862178
F116967,0.4903673544460383
F117692,0.46831080052225993
F114449,0.5465081111500345
F114917,0.4173193845842496
F106626,0.5091470076795259
F105752,0.5000885889768787
F110180,0.42070865694162873
F122579,0.4605339878968586
F104771,0.4464933439533304
F122049,0.5668681537850577
F121834,0.49581828466981426
F105643,0.4108993188723948
F103538,0.4404264750101283
F104641,0.446172409363474
F105709,0.5279343143262776
F103610,0.4940084463119827
F120886,0.46384718103778033
F114229,0.5324737509166482
F124875,0.46113355385912425
F110680,0.5660209134032506
F101671,0.4571327948503221
F112428,0.4445376567823298
F102048,0.49330748782221434
F121862,0.5029983362310704
F106191,0.5352626868754173
F104268,0.5160312230883312
F121265,0.42643701985573024
F110088,0.3829363444797361
F116110,0.4858987344650362
F124891,0.5233405097026076
F110683,0.6078102477225031
F100801,0.4137876321958953
F104725,0.4602969933298312
F105176,0.42785341151361805
F108128,0.48358958548656017
F120237,0.4682150962702316
F100023,0.45636765331275675
F110705,0.48763367949885394
F115600,0.46062946004649064
F124518,0.39115074696631985
F120303,0.41059848842042657
F123287,0.49704031681817296
F120924,0.5419035405743717
F109199,0.44728929633576064
F102014,0.5998676956150804
F105763,0.368509526558829
F105638,0.457410417490681
F112786,0.49139687880886196
F120516,0.4885560484459128
F107868,0.5295462905837593
F115045,0.42982549976099066
F103465,0.49947004275786955
F115988,0.5710204360744955
F100205,0.4811449050160729
F113413,0.5075899661239154
F113198,0.45527875785704863
F101460,0.4505631799796449
F106150,0.5449233814065872
F110552,0.523137893242486
F114387,0.3436107798790253
F116026,0.4181820215281858
F100626,0.5506420783315917
F123500,0.48580096505873593
F103668,0.47683509285417347
F101415,0.5391270270805277
F118214,0.5041114223381884
F116914,0.43511411794398525
F111586,0.4445754689717845
F101520,0.46828620563566714
F113776,0.5161122501877049
F100242,0.4457581816956052
F121541,0.592228638926011
F114306,0.5068345137838446
F104640,0.47956233140891547
F115144,0.5148807398040842
F117476,0.4531215508227754
F119201,0.44364771399643754
F119942,0.3669890134733299
F121040,0.4407550540159253
F106973,0.4890038378162479
F118779,0.5258254207740951
F122201,0.4683130063342563
F116886,0.4043383177887824
F102466,0.4703576773045033
F102121,0.40407111814212665
F108853,0.5100952115053821
F117553,0.5255160572858568
F104284,0.6006835485271054
F116616,0.38917789960583704
F117409,0.44164701299965736
F111888,0.49328347073411605
F106624,0.4446042866020807
F120501,0.5028014261117231
F101295,0.47858407081386345
F124986,0.4098090276240427
F109667,0.46519050471895307
F124245,0.43982301780089894
F102754,0.476240815331065
F118902,0.4503596127714826
F100537,0.4890294037299734
F114802,0.49074864665708706
F124943,0.5003871605193433
F107886,0.4565689135428632
F122870,0.403678174885558
F112378,0.44993395562348704
F100221,0.5132525881878833
F113208,0.44770082358830454
F104351,0.42920885001464887
F115314,0.44608942903139803
F117939,0.49823249990285934
F109436,0.4673495641570363
F116634,0.46067393970565984
F115383,0.47780188558891146
F107327,0.40462479767113935
F108158,0.49586986102094655
F114614,0.48847840484827376
F123110,0.42264422136233143
F108691,0.5560037160619407
F107857,0.4725522823353794
F107919,0.46621368039799604
F115243,0.5030653903040845
F123530,0.5143491729614109
F103297,0.523881150725467
F108000,0.49482557564679275
F100174,0.5318977692214091
F110677,0.4909368657838551
F123806,0.5176194485432002
F104614,0.5125495672124252
F106828,0.4944720293392859
F118335,0.5376312711259319
F116127,0.4243265923994718
F106574,0.4816295762209538
F114778,0.5004833140149373
F122104,0.48825944847160474
F111475,0.4814863258725628
F104444,0.5358879857764272
F116934,0.515602885038588
F122685,0.37205241803602795
F106771,0.5251053870005122
F114030,0.4748271831914831
F114040,0.5163837449125339
F123008,0.47453846535700916
F117483,0.44257976138239913
F123134,0.4961776772152581
F109641,0.45948158128333083
F100021,0.4057359270154248
F102331,0.43682370757374706
F110192,0.5375691992072418
F112160,0.4853392503094458
F114617,0.42607476461093885
F101262,0.5032870578503189
F102042,0.5107832106935151
F114016,0.5395599490064915
F105974,0.4466395051749328
F121644,0.5239017676831617
F115526,0.46519584882091314
F120734,0.4924323451900975
F119489,0.42074587640350447
F108299,0.47976971725851436
F124615,0.4413575451971614
F102652,0.3796584323003698
F117699,0.3825654730987691
F118761,0.45337568759066704
F123637,0.45472725921921825
F108355,0.4841433851104555
F100950,0.4663922198189905
F116741,0.5392507420453072
F112787,0.40767366805089633
F109995,0.4641006366294934
F113120,0.5146484351716918
F106926,0.5322839003397959
F119874,0.5373473633872705
F117045,0.4545410255197457
F107271,0.5079992314939308
F100737,0.49215448909641824
F115949,0.46435418687426133
F100611,0.5293157929060952
F111171,0.5709843914559187
F110406,0.44260542845175826
F117598,0.41035574688842913
F102524,0.46152668131546126
F114340,0.5050676023454201
F106448,0.4407776688297763
F115408,0.5002757296641869
F112179,0.4486755799605183
F121369,0.5012688028887851
F110713,0.5107370810866053
F102955,0.42188396034169706
F105074,0.4694996873501077
F117019,0.43096048489466854
F101572,0.4191843600152329
F117916,0.40130697453284725
F120541,0.5522310412975384
F116099,0.5138428541491831
F115933,0.4654744402672596
F104099,0.4509552306220858
F111550,0.5731256183043067
F116738,0.4372447191478659
F114550,0.42591221350900704
F120782,0.5789809369323446
F109113,0.48224120814078497
F123023,0.44860496132491046
F107213,0.5185276303992347
F123540,0.49748029055083653
F113169,0.448537950912667
F105377,0.42521231374257795
F107084,0.4661812076068583
F103456,0.576822863033579
F103227,0.45338242842952553
F120513,0.5242004350052949
F100015,0.5113252183436364
F122876,0.44997274068615734
F116229,0.47066453711117184
F119012,0.4684481705506365
F112286,0.5261368263262944
F107104,0.43601039438623257
F101822,0.5137480200067054
F109747,0.5160488553585296
F101029,0.4121165922381303
F115060,0.555901389009462
F117560,0.3898160263939835
F119779,0.3601994653548192
F104595,0.4931824001836149
F114554,0.4577885799775022
F101801,0.42288146384123615
F117575,0.4136098710000977
F112592,0.5160112734175704
F118845,0.4808338365948257
F102220,0.45533426576533087
F124831,0.5068360406364971
F119264,0.3786297621490935
F122355,0.5002666084840162
F108102,0.4742889167661941
F120918,0.4249476742746153
F123443,0.513463311139633
F106225,0.5363462994684184
F104738,0.48117078806206415
F114417,0.5121585110596016
F121976,0.4431677294995159
F106774,0.6060009180982223
F104638,0.49299422624681766
F119039,0.49877205012434656
F111484,0.4943843327575912
F110971,0.4703229288099927
F117772,0.5816090123381232
F122712,0.5157263115679378
F108402,0.454981755573294
F100396,0.493432439459355
F101740,0.46167534178871816
F103705,0.47421118325847134
F111554,0.4072548252938276
F106067,0.3987240499256731
F100543,0.3715851828997868
F113299,0.4991765481753724
F124487,0.5088343665517576
F103540,0.45077621416326613
F104227,0.428525892021566
F124262,0.4637101073490829
F106168,0.3998885389701542
F121499,0.4686039081839668
F107348,0.462110818103992
F115613,0.5040675694603107
F100972,0.45913509176371714
F114882,0.4064676729382647
F101137,0.4885367477819772
F106247,0.49931704687700484
F113304,0.47454635402194223
F123030,0.4692294530643394
F105610,0.5111754922816493
F112978,0.48367042213277556
F116077,0.5551282256741258
F118456,0.40906967899390545
F103194,0.4785446089015716
F115574,0.4499869051709247
F112544,0.5118103101810318
F119809,0.4275743835938678
F114611,0.523804281320362
F108134,0.4535393624072481
F100329,0.44206127514156535
F108247,0.40429372953473164
F123227,0.5526597501648921
F121253,0.4840617023426763
F104626,0.45455602465983036
F124350,0.4846587812361325
F113339,0.5436100932873975
F102915,0.5142172958368111
F114654,0.4377722063082805
F105273,0.38831775216813164
F100033,0.39618550689225385
F102742,0.5302710104676118
F120354,0.447152686935837
F124715,0.5502577236055926
F110031,0.5051886161470702
F107906,0.5094700793207454
F120793,0.5346223259092888
F111450,0.4353174976713897
F118964,0.48665636169602455
F114254,0.43665594774192207
F106058,0.39012343128102944
F120668,0.48888833808502685
F120913,0.44754685336798916
F117160,0.5069693848368944
F106648,0.4898744498312475
F116726,0.4815973372293063
F124577,0.4387774889032079
F111525,0.473562655976152
F112745,0.49117016284799875
F119702,0.3766739069573607
F102116,0.4067613423769825
F108772,0.5239006223115324
F107424,0.5491855986022731
F103479,0.4982258572247077
F123149,0.5037925190090902
F111072,0.4984090284271153
F122097,0.47964673907090305
F114087,0.49870469379665494
F104809,0.5176869894286196
F114098,0.43968976920063363
F116880,0.575364058122128
F100450,0.4643762547376431
F119057,0.523312933253608
F103666,0.39095061258684316
F120106,0.4486334046513053
F106571,0.42318086930051635
F103970,0.46334790180858976
F123969,0.5286789351756506
F111255,0.4975678772968174
F103344,0.48559424874288337
F119143,0.5326486179003357
F116577,0.43917127653143195
F114734,0.4996105951547519
F111250,0.4751227361944813
F115135,0.48173254877894267
F117362,0.5229727730331506
F122260,0.4648738122570091
F121277,0.4704217639679976
F114783,0.47230922814918097
F118109,0.4511625036937364
F100387,0.4454901243811913
F116031,0.45912351518205174
F109014,0.4528715770067525
F117456,0.4906469818748197
F113480,0.47855011654718216
F110667,0.45443867076605543
F101209,0.47999364830546365
F117971,0.4768016926961921
F112292,0.48689157833542795
F117732,0.49936378708559004
F120448,0.42110288058593337
F119957,0.4911981035121318
F102918,0.4920555311243343
F122528,0.48899755056433436
F106419,0.4898967621125948
F106697,0.4054112904024794
F109567,0.44934498195598804
F104619,0.5079583576302711
F102647,0.4167773275894823
F123916,0.5253482105405027
F109131,0.5123577962527579
F108962,0.5168645783103882
F104775,0.548700316448195
F110756,0.44461617867039116
F113157,0.36526360479451425
F102997,0.46117979502239015
F110631,0.51703989643034
F115863,0.5196748287094239
F118447,0.39896092529220284
F121168,0.49671716835487
F111636,0.4386509470427291
F117868,0.5390028326492178
F111859,0.4784915737628086
F109735,0.435083734091081
F105767,0.5162717620071989
F117143,0.5171701947239
F116763,0.49433594223082844
F106437,0.4947114257481132
F102046,0.5439637862754383
F107609,0.4426449317076102
F110945,0.48848274782321266
F105453,0.4897431375131458
F105821,0.49082896513415
F116964,0.4691709599936098
F119609,0.5072029404835312
F120583,0.3877722233956978
F106125,0.5050346458706618
F123144,0.4962205009431161
F119423,0.5551066751768816
F100607,0.45640877646749
F116199,0.5322788271930288
F101866,0.47857270250714123
F104493,0.46362803859684687
F116889,0.42731066038297444
F109869,0.42883126480486977
F112334,0.4776183187844455
F119889,0.41298240650004314
F122065,0.49452198892668064
F100180,0.45631297033117757
F115350,0.4255897971711238
F109477,0.38759202704336493
F107499,0.3897653156209739
F105684,0.5218201054030089
F100048,0.4517091871936817
F113232,0.4877059970726513
F108315,0.5115729156167523
F118372,0.4810340999666243
F110926,0.5052529121477074
F118041,0.5175193121624596
F104956,0.5289824078995122
F122913,0.39673248244270387
F116989,0.5023901069470678
F111260,0.4431504136831034
F105667,0.36885979046959005
F100714,0.3926089487303299
F122146,0.4475849111935866
F119385,0.4850708508309529
F103670,0.4861617058664316
F111921,0.4058378702875658
F107414,0.40609411197901235
F110289,0.4649819916748915
F104935,0.5329797517738524
F115644,0.5163376432044207
F118561,0.47607583876051474
F100682,0.4324116509375854
F119620,0.43478133416455284
F102396,0.5943674625916064
F100888,0.40674580037114083
F124987,0.4472581399148726
F123840,0.4672169887588161
F120103,0.4044874912549091
F102143,0.4977463722499229
F112685,0.5084295549623865
F101695,0.45364298716778073
F111547,0.43132309476185615
F106878,0.3950960672537446
F105463,0.44583605431188167
F109522,0.413949993072362
F111452,0.4418718239700675
F111170,0.44754455431926954
F114262,0.47239489431127124
F120833,0.4633765550831501
F102365,0.43875906824607996
F121002,0.4006850176369224
F109692,0.41465563130620264
F105334,0.489192551321051
F106531,0.4360588570629089
F109518,0.5337587956416121
F120188,0.5422136626880059
F122584,0.4947731117346379
F115206,0.5336083371284082
F107333,0.3446262907178429
F116085,0.5204526305541599
F121053,0.4904090139410533
F120289,0.5411755199984636
F102184,0.447307639671474
F114959,0.47918902295080257
F110254,0.5508385726144887
F105043,0.5177125998856837
F119184,0.4993682056701355
F109940,0.42376510113172
F108876,0.43643502448809096
F122769,0.5521032851646932
F123482,0.4673959808899275
F120725,0.46261715410830473
F106669,0.507077776229236
F116794,0.5334586334617388
F104178,0.4245226955786642
F105928,0.46165126033336135
F115701,0.4142978283296288
F108235,0.43458234589834777
F116928,0.48869167357073673
F118749,0.4911616553923699
F121008,0.47381959797116413
F103694,0.5099226595258632
F114240,0.5377257821908373
F120027,0.5279444683416445
F124782,0.4541647820602251
F116378,0.43818961471190443
F105209,0.42099231902968637
F112018,0.5171267402669202
F106250,0.5875226191084639
F109953,0.45839810702990846
F101543,0.3743952509503481
F121509,0.5352082358581536
F105628,0.37877961859316517
F115546,0.5364776142299107
F100704,0.48246456960838435
F110368,0.526000080056453
F121528,0.5040229804379038
F101100,0.5569773747191761
F112525,0.4612971231286853
F121356,0.49741932649383
F115951,0.4297950699793728
F107795,0.5036250400391469
F108817,0.6075090284025599
F111387,0.5324101040011275
F117804,0.462325625145544
F110936,0.4940491670254926
F114004,0.4275531631301044
F107270,0.4302632647349536
F119956,0.5676003267562013
F111828,0.4557971974695034
F107203,0.42587208345002203
F116496,0.4410943481489191
F119361,0.46584729499507094
F115552,0.6118002308537283
F113702,0.567377986643341
F111225,0.43198459171101034
F116943,0.4926480009367429
F111429,0.5115281514004588
F113806,0.4499741784396787
F123307,0.44806749440510185
F119728,0.5353985712134426
F103180,0.4391852425910164
F108160,0.5453706667859951
F119338,0.48403019761657184
F105024,0.5707593268453259
F100983,0.454730074205716
F118064,0.40389386553552875
F108152,0.4565779363557364
F102301,0.4543261339160053
F107420,0.444773553981353
F112453,0.4840221208981059
F121252,0.4627255207426527
F103182,0.4841271999408996
F102746,0.38596566973941465
F110087,0.4907564353994395
F106141,0.4636057127813257
F107022,0.45443516665492045
F103397,0.4915859974310205
F118137,0.48214269623815764
F122022,0.508332122344691
F116906,0.6386175001241616
F123841,0.46619794134863635
F100930,0.583110256907071
F119076,0.4462168544658628
F120302,0.4958737306211942
F105583,0.5910494822186274
F100630,0.46540946055838395
F108776,0.4929274443313659
F119459,0.4283983542150319
F112620,0.470393154920026
F108675,0.4463005751496074
F115164,0.43202947790664326
F116255,0.41460842722208346
F108207,0.4816239375150623
F121915,0.5096796339645777
F122673,0.5588838804593974
F122512,0.508504290091172
F105207,0.49733942687783506
F112600,0.39107429302626023
F109251,0.45871580060598194
F124775,0.4686374461150592
F107159,0.4259443065184609
F114438,0.41167740172678585
F116936,0.39874724519810567
F109971,0.4819488066750067
F107529,0.4036661543358512
F105347,0.5078541859756676
F119872,0.47944259428334457
F124963,0.47673514395895356
F101527,0.4969626336885563
F123725,0.4410978581216021
F109802,0.4195987990925057
F105605,0.47849885221444755
F114987,0.4577203431608308
F120330,0.45404439903333504
F112090,0.4388479822219349
F106455,0.5333358085746904
F111162,0.4653107638286116
F113014,0.4983928362985194
F103680,0.47372054356445115
F115260,0.4028541458907634
F118706,0.4805398551339297
F108389,0.44047162187491856
F108743,0.4627739216294091
F120572,0.578672213065393
F102141,0.42375648329104354
F102149,0.5219502747446945
F107157,0.4707038606482896
F106026,0.47098760943374374
F122189,0.5635859382669073
F102726,0.5350720415792887
F114612,0.546981222743776
F104564,0.5316734291777888
F116599,0.43784824697810587
F120026,0.47908230768886617
F114143,0.4174630693237716
F114824,0.5269831578639256
F108145,0.38845492604723997
F118207,0.5402774116085185
F120984,0.4788688232850077
F107103,0.4118364269905156
F111360,0.48275012840536624
F109123,0.49828539216562084
F103665,0.4829856639988479
F114115,0.4911510243512771
F120105,0.4874574794749048
F102511,0.586881672084944
F119174,0.474014887920468
F123222,0.49598252748215066
F102727,0.4914656094160119
F106054,0.5732304621374429
F108133,0.5721236881677773
F102594,0.35340531876835635
F102784,0.49110383993037465
F102210,0.5313744285817306
F110644,0.3903595663788261
F108530,0.5299219002873231
F122155,0.5181471885480451
F122742,0.5144149422993893
F124974,0.5489981010312195
F115568,0.4245581922138282
F120682,0.4507658668191953
F116180,0.4686431660543512
F106255,0.4247852704183376
F121255,0.5084341779716135
F111424,0.4221265120817641
F114445,0.43796328676590807
F117142,0.4285817640718459
F119968,0.45851552236621085
F110742,0.49150807970642707
F116012,0.4980311725345863
F109110,0.4180054786882976
F116905,0.5532504533889799
F103635,0.4383798669601777
F101384,0.6123249281528427
F120545,0.5033318060399505
F124205,0.3780250013320935
F116805,0.5194080709480648
F118784,0.48153263082751274
F119155,0.4885535967292305
F118983,0.4667780563113946
F116295,0.4874504388172326
F118537,0.3711013329493985
F123906,0.4978145622039626
F121359,0.5340738267580947
F123295,0.42984629804085384
F121403,0.4621493095447764
F105128,0.5044776441921096
F111939,0.4407766499871224
F107201,0.546608626463724
F117098,0.4314321198338892
F124004,0.4995117748758312
F115084,0.6354318268894918
F104987,0.4669032624755156
F124186,0.3937734328943753
F124105,0.5047839475927169
F100614,0.4935056378736842
F115920,0.42265585818118223
F107100,0.5119073472466771
F104083,0.5494240807161184
F110329,0.42221411334319486
F113009,0.5288541389443406
F116174,0.45391741924091633
F103588,0.5045435984219331
F124689,0.49234545034422494
F104814,0.5158199539601909
F100589,0.5508042118136272
F104918,0.45040423265463586
F119414,0.49898211260610115
F113072,0.5267905042933836
F109966,0.44007695501544797
F102358,0.4798830917730189
F114326,0.4077768050137716
F102052,0.5049108242076564
F121229,0.4672849887125936
F115500,0.4065528768750557
F117940,0.4723160672588449
F100940,0.505308397909253
F105314,0.43080834570845317
F105479,0.5710831547219962
F115016,0.38318029450587066
F114400,0.5224349262824255
F118291,0.46698344218787957
F112755,0.4532435360349719
F113345,0.4270538600408451
F111589,0.4683495355919418
F112817,0.5151193785987973
F115899,0.3755509322194124
F122372,0.4807251726968401
F107231,0.45136427832285475
F121736,0.4122522061619649
F103552,0.5108443572192753
F102797,0.4662441101215159
F107172,0.5339581452032842
F121740,0.4819187589223016
F113209,0.5794925122732371
F120175,0.49276165346249556
F114435,0.5563747722125394
F122370,0.4219496303032696
F116097,0.5085450198384927
F101462,0.5712648336475297
F114465,0.4503233472827872
F107880,0.5037055354437618
F101812,0.4696009911734301
F114561,0.40054677386537474
F107367,0.4785582838326612
F115881,0.5156314546524193
F118184,0.5593853224806369
F118435,0.5642135590110796
F102307,0.47398407087503336
F110456,0.5339627482824325
F114310,0.42961843538448474
F104179,0.4233701662766147
F103967,0.48981547862421426
F104053,0.4227056681969874
F102255,0.4470621486859161
F108364,0.4509421140916474
F109601,0.45235088008397106
F121027,0.5126117069710807
F117743,0.482219027125279
F112974,0.47042966886820514
F102817,0.48412860237663236
F110737,0.5656227312046913
F118258,0.4003065731434473
F116592,0.4720194364211905
F104465,0.4302875994407071
F104411,0.47847163514558
F113596,0.4231739314322015
F105423,0.4105964043713034
F110800,0.5365948990989109
F111584,0.4830213961990991
F110762,0.5172527929964053
F102313,0.35351867122810543
F102883,0.44642862601080613
F118260,0.5170876009638514
F105371,0.4287284639848453
F112383,0.4474486880024875
F111663,0.5147465058329648
F105549,0.4866781921314758
F102976,0.5147459361753977
F122624,0.5114351521726761
F108589,0.5510117745513703
F120051,0.4593501413662281
F121364,0.442954219828014
F119616,0.42741432129638446
F110951,0.45645851826209416
F113261,0.4924305012087312
F111331,0.4494878763497171
F124854,0.6018217180616561
F101161,0.5023680736350684
F113519,0.46269758959410756
F119417,0.5056802644811
F106192,0.42664527697717247
F124302,0.6438671732667948
F112169,0.5195534663003674
F118414,0.42400710119234636
F123504,0.4832786125513
F115492,0.5566596882174899
F110027,0.36508318673053264
F122387,0.5767424932799838
F102191,0.3605102422541565
F111469,0.5260383902244105
F107154,0.4483307931507603
F113256,0.46239093933077857
F109932,0.4553813910001132
F113897,0.4576514427684827
F110652,0.41356905181194636
F100218,0.48043676069830754
F105126,0.5353759673710073
F124361,0.4976485227565244
F111427,0.4783796771959459
F109730,0.5115222843641258
F119762,0.5356611561043292
F106408,0.5169227298819417
F103626,0.4628606806180875
F119134,0.48416021500442896
F110594,0.5435048926571879
F116242,0.48575587859569924
F121193,0.46093277611176864
F118548,0.41685704915818456
F105835,0.5216722855148024
F105554,0.5216054786468807
F109858,0.4605847577100095
F116096,0.47292443493877845
F105882,0.4356131534036958
F110250,0.5439535747276971
F103660,0.46472514834023126
F113137,0.46833684883224835
F116179,0.5783416024713688
F123870,0.43515429969587954
F102689,0.5067163996042021
F103467,0.5025413903501272
F110717,0.5129162603160464
F112042,0.4623161339937889
F123857,0.5300539192952041
F103893,0.5640998323270299
F116119,0.5330554465616417
F109816,0.4717950914836079
F108243,0.46802863066298817
F119586,0.4206302439108638
F108493,0.4401146444453692
F102503,0.4953635939851361
F101400,0.5133527134896116
F113180,0.48319340941744626
F110497,0.48733179584895436
F121430,0.529834702586861
F110788,0.4060913910788071
F107997,0.4655557368087543
F121538,0.4995078179937781
F103869,0.44990561086902026
F107074,0.41782057814099277
F111782,0.5296759455260787
F100715,0.35571069435332925
F118689,0.4569180474155092
F116342,0.4124711275605827
F102560,0.5572849724038897
F112439,0.5496698199925498
F100383,0.452398966418452
F109612,0.5708965237850063
F123239,0.4836034899748066
F103939,0.41337344569959356
F104109,0.4708765790212316
F121393,0.4433431295646406
F112802,0.4973584665912645
F109757,0.39554070946517617
F106243,0.40962885539881133
F114576,0.5329348375768284
F120764,0.47470447627115375
F108968,0.3961073994352213
F122636,0.4991578239957215
F122776,0.5278986918242661
F106149,0.5355580407190714
F102986,0.4915792685700463
F109255,0.4322336578785461
